752000 -55.6071 
752050 -190.7796 
752100 36.0722 
752150 -220.6074 
752200 -127.4939 
752250 9.9384 
752300 -98.6096 
752350 -288.9166 
752400 290.7109 
752450 46.7604 
752500 -285.8133 
752550 -225.4774 
752600 -48.1455 
752650 -172.2051 
752700 -123.3260 
752750 284.3488 
752800 -149.2715 
752850 21.6279 
752900 229.3270 
752950 12.4955 
753000 33.7310 
753050 120.2748 
753100 15.7758 
753150 47.1040 
753200 12.8600 
753250 -33.3004 
753300 399.2827 
753350 92.9238 
753400 -141.3654 
753450 275.3766 
753500 -238.5947 
753550 -59.9390 
753600 -191.8532 
753650 113.1765 
753700 157.3570 
753750 -305.5827 
753800 -213.5899 
753850 172.2254 
753900 188.2421 
753950 -13.0710 
754000 195.7385 
754050 -59.5799 
754100 -35.0570 
754150 -34.1552 
754200 43.2378 
754250 -383.2506 
754300 -75.1948 
754350 36.1496 
754400 -248.3551 
754450 -179.0762 
754500 235.9045 
754550 -141.1323 
754600 -319.5895 
754650 440.1035 
754700 -362.3434 
754750 -465.9320 
754800 1.8836 
754850 34.0399 
754900 -107.1305 
754950 -141.3981 
755000 58.6718 
755050 110.4351 
755100 -150.3107 
755150 -358.0132 
755200 252.0426 
755250 -158.1808 
755300 318.6011 
755350 -578.3678 
755400 94.1322 
755450 -14.2694 
755500 340.3468 
755550 94.1378 
755600 196.6329 
755650 -4.8329 
755700 -311.6214 
755750 -107.3557 
755800 181.9695 
755850 -174.6941 
755900 37.8760 
755950 95.3030 
756000 275.4471 
756050 122.8284 
756100 148.2241 
756150 -34.9906 
756200 -93.7342 
756250 299.9320 
756300 31.6702 
756350 -142.2168 
756400 48.5734 
756450 -236.1063 
756500 -56.7269 
756550 -261.6447 
756600 129.5025 
756650 130.4918 
756700 93.9173 
756750 135.0675 
756800 373.1011 
756850 -41.5873 
756900 -232.2994 
756950 -218.3363 
757000 -186.3351 
757050 -213.9464 
757100 352.2117 
757150 147.8956 
757200 -78.9167 
757250 166.8337 
757300 -72.6061 
757350 -127.9719 
757400 126.4759 
757450 -230.2480 
757500 -45.1742 
757550 -17.5522 
757600 -335.2215 
757650 82.1307 
757700 -171.9239 
757750 -37.7070 
757800 191.9954 
757850 -334.8495 
757900 -32.0499 
757950 -285.5543 
758000 -111.6875 
758050 -155.7132 
758100 -300.6422 
758150 -15.7512 
758200 -81.1371 
758250 473.8168 
758300 -30.5918 
758350 90.7482 
758400 -185.5767 
758450 -303.1416 
758500 166.4866 
758550 93.1765 
758600 -268.3230 
758650 -42.1791 
758700 305.2656 
758750 -95.7291 
758800 -61.0927 
758850 47.4908 
758900 -180.3922 
758950 233.9068 
759000 87.4468 
759050 219.0749 
759100 -212.4466 
759150 122.8952 
759200 -30.1815 
759250 17.3561 
759300 -30.8033 
759350 217.2745 
759400 83.1524 
759450 -240.2108 
759500 321.1280 
759550 -124.6133 
759600 272.1971 
759650 23.7164 
759700 156.2341 
759750 -147.2321 
759800 -43.9385 
759850 213.5782 
759900 148.9300 
759950 -237.6440 
760000 130.3811 
760050 -77.7033 
760100 96.4833 
760150 43.9425 
760200 -253.7913 
760250 100.4379 
760300 211.6985 
760350 89.4455 
760400 107.5303 
760450 94.8709 
760500 -343.3471 
760550 145.9750 
760600 49.5745 
760650 -268.0116 
760700 99.7401 
760750 -613.9184 
760800 223.0422 
760850 -298.3633 
760900 -44.0461 
760950 223.6561 
761000 42.0052 
761050 -5.9878 
761100 21.6757 
761150 -138.6724 
761200 160.7329 
761250 117.0962 
761300 43.5623 
761350 -304.7826 
761400 138.0667 
761450 192.1391 
761500 -13.7934 
761550 -70.3650 
761600 162.9407 
761650 15.0968 
761700 -1.6841 
761750 44.6742 
761800 253.1494 
761850 -165.9851 
761900 -4.9758 
761950 -131.5227 
762000 17.2899 
762050 -187.4252 
762100 -57.2804 
762150 153.4882 
762200 65.4464 
762250 89.0222 
762300 -283.3156 
762350 285.1290 
762400 -481.5731 
762450 -55.4313 
762500 135.3286 
762550 83.7982 
762600 -28.8235 
762650 -53.7959 
762700 25.6079 
762750 -175.9805 
762800 211.8777 
762850 329.9838 
762900 72.7286 
762950 179.7941 
763000 310.9462 
763050 -180.0714 
763100 355.8958 
763150 153.0245 
763200 -37.3649 
763250 113.7307 
763300 -109.9727 
763350 132.0772 
763400 -43.3720 
763450 -157.5354 
763500 -89.9227 
763550 246.8372 
763600 196.1753 
763650 -2.3612 
763700 -220.7600 
763750 265.2611 
763800 224.2297 
763850 144.9369 
763900 -136.6169 
763950 -272.0914 
764000 236.5327 
764050 -335.4885 
764100 275.2374 
764150 20.7973 
764200 62.9276 
764250 -3.4660 
764300 -298.6752 
764350 -156.4774 
764400 -84.0726 
764450 93.0446 
764500 89.3545 
764550 150.0458 
764600 -95.1921 
764650 88.4953 
764700 -184.6978 
764750 21.7287 
764800 -200.1736 
764850 -85.2343 
764900 58.6579 
764950 23.5107 
765000 -33.3024 
765050 51.9708 
765100 -65.2768 
765150 -9.6563 
765200 60.5316 
765250 286.8046 
765300 186.7296 
765350 -113.0114 
765400 51.0665 
765450 -300.5911 
765500 239.6403 
765550 -174.7344 
765600 210.8900 
765650 -381.6955 
765700 -177.5127 
765750 90.9374 
765800 -11.1932 
765850 -214.1677 
765900 -196.0110 
765950 151.2213 
766000 -257.3342 
766050 -187.2273 
766100 -34.9101 
766150 141.7814 
766200 -98.3082 
766250 -21.5373 
766300 -392.5043 
766350 -183.3917 
766400 -68.2117 
766450 102.0188 
766500 172.3000 
766550 32.4132 
766600 120.7426 
766650 -56.1711 
766700 2.2124 
766750 -265.8164 
766800 -7.1169 
766850 278.6531 
766900 -45.5160 
766950 -291.2780 
767000 76.0417 
767050 -140.0092 
767100 -97.1884 
767150 -22.2581 
767200 162.4301 
767250 188.3313 
767300 -132.6255 
767350 -30.4870 
767400 19.0172 
767450 -216.4010 
767500 248.5984 
767550 45.4077 
767600 246.1321 
767650 -371.4794 
767700 -284.8099 
767750 -143.0902 
767800 -188.3672 
767850 -109.0618 
767900 -84.6546 
767950 262.9675 
768000 52.0220 
768050 -3.2220 
768100 118.8251 
768150 1.1990 
768200 154.0596 
768250 -123.6309 
768300 73.9826 
768350 115.0864 
768400 21.3792 
768450 -325.5867 
768500 15.7004 
768550 115.1534 
768600 117.2642 
768650 69.4705 
768700 -276.1524 
768750 -171.0343 
768800 167.4843 
768850 40.7001 
768900 -349.8485 
768950 -276.2793 
769000 9.2629 
769050 -106.5746 
769100 94.7190 
769150 48.9591 
769200 -274.3237 
769250 -254.3836 
769300 0.8351 
769350 -114.8881 
769400 -285.9571 
769450 -97.4121 
769500 -143.7036 
769550 -14.6256 
769600 86.2417 
769650 27.1150 
769700 -13.7559 
769750 -301.8139 
769800 195.8069 
769850 26.1352 
769900 -63.8452 
769950 50.7786 
770000 -162.3215 
770050 131.9215 
770100 126.0455 
770150 -267.4765 
770200 137.8689 
770250 -104.5558 
770300 -17.0831 
770350 207.8781 
770400 -12.4926 
770450 162.8278 
770500 -100.7384 
770550 176.9979 
770600 -115.4883 
770650 179.8719 
770700 257.2624 
770750 -115.1165 
770800 281.1626 
770850 -200.9461 
770900 -12.4909 
770950 -139.8712 
771000 -136.0434 
771050 143.9471 
771100 138.9977 
771150 -190.6242 
771200 -17.5585 
771250 -53.9755 
771300 -244.3880 
771350 76.0259 
771400 46.8127 
771450 -410.8965 
771500 170.0499 
771550 76.7250 
771600 -108.6689 
771650 -273.9549 
771700 87.1744 
771750 -26.3234 
771800 -173.0689 
771850 -163.8543 
771900 -92.8687 
771950 -49.6183 
772000 234.5841 
772050 -319.7981 
772100 -323.7723 
772150 -111.7992 
772200 -179.5048 
772250 -400.9601 
772300 -228.6948 
772350 -95.6839 
772400 93.0595 
772450 -281.5741 
772500 15.5585 
772550 -8.8274 
772600 41.0750 
772650 234.1080 
772700 -60.6093 
772750 -2.8202 
772800 -122.5602 
772850 -97.3387 
772900 -46.5649 
772950 -75.9413 
773000 -207.4148 
773050 241.7861 
773100 213.2290 
773150 347.1082 
773200 -315.5451 
773250 -83.3919 
773300 -118.1335 
773350 -229.8799 
773400 197.5423 
773450 325.8840 
773500 -246.9922 
773550 -105.9869 
773600 305.1277 
773650 -218.8778 
773700 -100.0849 
773750 -124.0573 
773800 48.3723 
773850 58.3457 
773900 -245.9154 
773950 -103.1232 
774000 28.4017 
774050 91.8195 
774100 2.2921 
774150 194.2703 
774200 -368.4065 
774250 490.2927 
774300 58.0586 
774350 -74.5151 
774400 131.3686 
774450 -158.3247 
774500 -236.9421 
774550 -271.7308 
774600 -116.6272 
774650 -188.2102 
774700 -223.3094 
774750 -108.6059 
774800 -275.4068 
774850 -394.0639 
774900 -84.7749 
774950 79.2775 
775000 -119.0635 
775050 -150.1888 
775100 -33.9042 
775150 57.9899 
775200 359.5316 
775250 -141.7404 
775300 58.6961 
775350 73.8610 
775400 53.1489 
775450 -69.8878 
775500 22.6007 
775550 -48.7737 
775600 -163.2506 
775650 158.6815 
775700 -138.0097 
775750 -14.3125 
775800 44.0749 
775850 -2.4943 
775900 11.0753 
775950 -399.6675 
776000 -333.6083 
776050 148.1041 
776100 -101.4746 
776150 -50.2277 
776200 25.4427 
776250 196.0276 
776300 -172.0280 
776350 292.9282 
776400 36.9880 
776450 31.1591 
776500 -125.1979 
776550 -146.4249 
776600 -79.6763 
776650 318.3618 
776700 131.4671 
776750 -123.3645 
776800 -141.0043 
776850 215.6347 
776900 -191.3392 
776950 -134.4940 
777000 24.5779 
777050 1.8379 
777100 83.1820 
777150 -168.7215 
777200 -267.2211 
777250 172.6296 
777300 -97.3180 
777350 213.5885 
777400 392.0014 
777450 179.5484 
777500 -130.1793 
777550 -4.4752 
777600 -163.9627 
777650 -179.2237 
777700 -229.7345 
777750 179.1410 
777800 -207.3730 
777850 -48.3895 
777900 -211.2687 
777950 -151.9315 
778000 -46.0603 
778050 -106.9060 
778100 -172.4095 
778150 32.8955 
778200 -157.5634 
778250 113.1529 
778300 -301.6446 
778350 -275.9635 
778400 55.4382 
778450 -208.6784 
778500 -423.5232 
778550 132.9016 
778600 -197.5371 
778650 62.6727 
778700 -54.1360 
778750 -272.9726 
778800 -64.7350 
778850 42.2637 
778900 66.1375 
778950 -80.9031 
779000 -202.3492 
779050 111.9828 
779100 -172.2114 
779150 113.4422 
779200 160.8971 
779250 -71.9899 
779300 -171.4442 
779350 435.4807 
779400 80.9644 
779450 -282.9513 
779500 -67.0780 
779550 264.4802 
779600 -268.8788 
779650 144.1915 
779700 216.1389 
779750 -126.6171 
779800 -128.9774 
779850 507.4999 
779900 -131.7484 
779950 26.4012 
780000 303.5311 
780050 -312.1050 
780100 71.6611 
780150 -61.4478 
780200 -118.2159 
780250 69.1517 
780300 281.3089 
780350 -154.0936 
780400 -82.2845 
780450 -102.5539 
780500 306.3421 
780550 -240.1307 
780600 -241.7389 
780650 157.0841 
780700 51.1940 
780750 4.2894 
780800 31.5427 
780850 -57.0752 
780900 42.5097 
780950 -154.8094 
781000 28.9526 
781050 161.8051 
781100 -62.4905 
781150 -228.5705 
781200 -41.2452 
781250 133.5407 
781300 -61.9670 
781350 106.6637 
781400 -75.6539 
781450 161.9953 
781500 54.8397 
781550 -459.9232 
781600 84.7196 
781650 -77.3122 
781700 76.5861 
781750 -69.3404 
781800 -331.4199 
781850 -94.6745 
781900 24.5874 
781950 278.2300 
782000 190.0294 
782050 -26.0907 
782100 214.6224 
782150 -164.4935 
782200 -103.7339 
782250 2.0249 
782300 173.8237 
782350 -404.6848 
782400 246.8147 
782450 -159.3563 
782500 -109.6104 
782550 70.7114 
782600 -49.1013 
782650 -17.5434 
782700 -66.7583 
782750 -21.4527 
782800 -121.3402 
782850 68.7818 
782900 -141.9733 
782950 111.5722 
783000 127.5467 
783050 -324.7258 
783100 -251.3039 
783150 56.8792 
783200 88.2191 
783250 -316.5294 
783300 -120.4548 
783350 0.7851 
783400 -50.5523 
783450 -102.8686 
783500 -218.9773 
783550 25.6866 
783600 143.5086 
783650 -97.6747 
783700 -60.9375 
783750 -72.2462 
783800 -330.2675 
783850 -56.3421 
783900 -77.6256 
783950 -177.5795 
784000 38.5070 
784050 -359.3069 
784100 -69.6646 
784150 217.6233 
784200 -206.2177 
784250 70.0691 
784300 -114.7606 
784350 101.7395 
784400 -97.1788 
784450 253.8983 
784500 -50.8375 
784550 -245.1307 
784600 23.5674 
784650 230.1000 
784700 64.9350 
784750 -313.0217 
784800 -181.2143 
784850 -92.8599 
784900 -223.7096 
784950 -29.9651 
785000 -9.4131 
785050 195.1325 
785100 -65.9209 
785150 -252.2942 
785200 -61.1456 
785250 -351.2939 
785300 80.3816 
785350 -329.3303 
785400 -197.3423 
785450 273.7466 
785500 -86.2350 
785550 -446.3700 
785600 56.2428 
785650 -69.3458 
785700 101.8344 
785750 81.0902 
785800 168.8455 
785850 74.0411 
785900 189.2784 
785950 -80.7282 
786000 436.6991 
786050 35.1569 
786100 38.6194 
786150 116.6470 
786200 397.7225 
786250 -412.9197 
786300 -181.9004 
786350 7.4512 
786400 -10.2097 
786450 -69.0704 
786500 -415.6001 
786550 401.5646 
786600 -33.2176 
786650 -64.2173 
786700 1.4376 
786750 -208.6842 
786800 -179.7965 
786850 -164.7738 
786900 86.9857 
786950 -111.5369 
787000 38.7391 
787050 -255.5524 
787100 30.4885 
787150 248.8825 
787200 -19.2132 
787250 -138.9904 
787300 -386.7818 
787350 175.9392 
787400 -398.6073 
787450 -28.7386 
787500 -249.4445 
787550 -87.9530 
787600 -40.6160 
787650 -248.3973 
787700 77.9798 
787750 -45.8927 
787800 163.0674 
787850 53.8723 
787900 114.7187 
787950 -550.5445 
788000 37.8951 
788050 -0.9291 
788100 -223.0944 
788150 -86.7648 
788200 83.0406 
788250 14.3719 
788300 -61.3009 
788350 -72.5178 
788400 222.9018 
788450 -103.8353 
788500 186.1203 
788550 58.5950 
788600 -130.5182 
788650 -211.3672 
788700 120.8333 
788750 337.6665 
788800 -196.2902 
788850 -322.0691 
788900 -14.7196 
788950 -230.4191 
789000 143.9463 
789050 -248.0198 
789100 158.1032 
789150 105.6232 
789200 -356.1995 
789250 -163.1888 
789300 16.1979 
789350 240.7246 
789400 225.0377 
789450 -61.6782 
789500 228.2609 
789550 22.0682 
789600 -95.8286 
789650 -31.5449 
789700 -121.8841 
789750 -164.0071 
789800 -205.8207 
789850 109.3264 
789900 -236.3578 
789950 -139.5993 
790000 -144.0134 
790050 -13.3588 
790100 -71.9417 
790150 -129.9594 
790200 -25.1119 
790250 -343.2558 
790300 -174.5396 
790350 -256.2985 
790400 -231.5725 
790450 -152.3286 
790500 -55.3777 
790550 -22.6164 
790600 118.0082 
790650 -51.4230 
790700 157.3705 
790750 -124.8322 
790800 105.3315 
790850 -225.3692 
790900 100.3008 
790950 -117.3302 
791000 259.6128 
791050 -265.7982 
791100 -159.2668 
791150 -33.1641 
791200 -186.5961 
791250 -85.0985 
791300 68.3570 
791350 169.2859 
791400 -327.3093 
791450 -506.9062 
791500 361.4645 
791550 -118.0169 
791600 7.4323 
791650 181.2491 
791700 82.3680 
791750 -11.3901 
791800 80.1089 
791850 13.3229 
791900 289.9319 
791950 -352.3441 
792000 -3.2144 
792050 158.4977 
792100 -165.1205 
792150 -146.5954 
792200 -211.8095 
792250 60.7525 
792300 17.9234 
792350 175.4444 
792400 223.3930 
792450 -6.1677 
792500 -101.0652 
792550 41.6650 
792600 -149.8203 
792650 48.5269 
792700 35.6190 
792750 -50.4323 
792800 48.4296 
792850 -264.9517 
792900 -79.1214 
792950 -319.9481 
793000 -44.2472 
793050 55.2315 
793100 -163.2424 
793150 -45.3603 
793200 23.7444 
793250 -63.6075 
793300 18.3369 
793350 -16.6845 
793400 -156.9713 
793450 -134.1356 
793500 129.7254 
793550 80.6969 
793600 -110.4227 
793650 5.9883 
793700 -1.3952 
793750 -66.7546 
793800 240.0624 
793850 54.2698 
793900 -59.8120 
793950 223.6267 
794000 264.2504 
794050 195.6897 
794100 -82.6676 
794150 -190.1257 
794200 264.9544 
794250 -42.1206 
794300 94.7381 
794350 -8.1185 
794400 -70.3284 
794450 -221.9676 
794500 -61.7471 
794550 -220.3615 
794600 126.3921 
794650 442.8278 
794700 -435.8765 
794750 -137.5299 
794800 -125.0689 
794850 -10.1473 
794900 388.1697 
794950 320.5859 
795000 167.1140 
795050 148.7069 
795100 -7.9272 
795150 -34.3900 
795200 -81.2180 
795250 96.0885 
795300 216.5646 
795350 -386.6804 
795400 112.9339 
795450 269.3226 
795500 -121.5723 
795550 -162.1828 
795600 -86.6757 
795650 2.9779 
795700 56.1813 
795750 -99.0362 
795800 413.7858 
795850 40.8518 
795900 133.8952 
795950 -229.6275 
796000 -80.6365 
796050 39.6500 
796100 -478.6033 
796150 -376.2532 
796200 123.1520 
796250 -261.6346 
796300 -238.3481 
796350 106.8965 
796400 -117.0981 
796450 357.1147 
796500 -60.9216 
796550 30.8065 
796600 -481.6991 
796650 -73.9098 
796700 266.7424 
796750 46.4994 
796800 81.4986 
796850 40.8648 
796900 125.3691 
796950 107.5991 
797000 -185.9712 
797050 30.2888 
797100 317.0468 
797150 198.5429 
797200 -75.3434 
797250 99.7330 
797300 -285.4035 
797350 153.0158 
797400 -129.8713 
797450 -186.3165 
797500 210.5173 
797550 9.4610 
797600 -57.7127 
797650 -102.2218 
797700 16.7455 
797750 140.2563 
797800 -69.4621 
797850 -394.0950 
797900 105.9678 
797950 14.2587 
798000 63.1163 
798050 -86.5355 
798100 -155.6026 
798150 -270.1167 
798200 -261.1708 
798250 -82.3924 
798300 -19.1326 
798350 -156.5919 
798400 219.5012 
798450 -130.0990 
798500 249.8115 
798550 60.0844 
798600 -164.1423 
798650 157.4345 
798700 -110.9553 
798750 -16.3692 
798800 459.0122 
798850 -98.3379 
798900 -41.2663 
798950 -74.5240 
799000 -111.3558 
799050 22.6293 
799100 24.8106 
799150 -125.6474 
799200 33.6257 
799250 -36.0042 
799300 -47.5162 
799350 316.2865 
799400 -2.1361 
799450 -170.6310 
799500 -58.2183 
799550 26.6780 
799600 307.9275 
799650 189.6924 
799700 -389.6135 
799750 249.7715 
799800 58.9391 
799850 -367.8812 
799900 291.6441 
799950 -197.5754 
800000 -261.1108 
800050 -554.4544 
800100 -71.1077 
800150 16.5279 
800200 33.7074 
800250 -77.6927 
800300 -139.7867 
800350 245.9723 
800400 55.7070 
800450 -0.1678 
800500 -63.1423 
800550 -20.5367 
800600 40.5692 
800650 -185.5402 
800700 11.5666 
800750 -116.2226 
800800 177.7852 
800850 141.9063 
800900 60.6639 
800950 -190.0784 
801000 25.8869 
801050 -209.7129 
801100 12.7997 
801150 -331.7974 
801200 390.7294 
801250 -140.4774 
801300 55.4175 
801350 54.1446 
801400 -98.4364 
801450 -120.6317 
801500 -98.5696 
801550 159.5710 
801600 -68.1896 
801650 40.2438 
801700 87.2183 
801750 -223.9707 
801800 50.8539 
801850 28.3889 
801900 -333.8405 
801950 164.3483 
802000 92.5490 
802050 60.4395 
802100 -108.6729 
802150 -308.2270 
802200 47.0454 
802250 -310.0185 
802300 312.1932 
802350 -4.0872 
802400 -266.2744 
802450 38.2733 
802500 4.9244 
802550 129.7993 
802600 -62.7830 
802650 -149.2255 
802700 349.7120 
802750 -304.2781 
802800 -1.1911 
802850 334.8212 
802900 -199.3736 
802950 -95.3941 
803000 5.5478 
803050 20.8966 
803100 -134.6753 
803150 -64.9494 
803200 187.7552 
803250 -12.4840 
803300 300.0573 
803350 -311.4767 
803400 405.4971 
803450 45.0460 
803500 194.8597 
803550 12.7799 
803600 -135.5908 
803650 -163.6459 
803700 317.3590 
803750 133.5950 
803800 47.0228 
803850 -272.7343 
803900 293.6902 
803950 -141.3518 
804000 259.9978 
804050 5.8622 
804100 67.9702 
804150 -302.0298 
804200 122.1817 
804250 34.6848 
804300 -298.3766 
804350 135.0610 
804400 -51.5681 
804450 -129.5179 
804500 283.5708 
804550 -260.3921 
804600 -283.5392 
804650 -149.6067 
804700 -181.8044 
804750 -15.5343 
804800 139.1454 
804850 -60.6847 
804900 5.0829 
804950 -310.2876 
805000 -50.1196 
805050 336.3132 
805100 107.6271 
805150 103.3507 
805200 96.7423 
805250 -230.3069 
805300 -199.7206 
805350 54.9756 
805400 -212.1316 
805450 -190.4468 
805500 -158.2239 
805550 178.7304 
805600 320.7497 
805650 -268.9347 
805700 -70.5792 
805750 -59.6071 
805800 157.8601 
805850 91.6440 
805900 -65.7203 
805950 -207.8718 
806000 -26.6241 
806050 62.9385 
806100 -405.3924 
806150 315.9510 
806200 -150.6343 
806250 -126.4809 
806300 37.5498 
806350 90.7312 
806400 -114.7872 
806450 7.0455 
806500 -167.0226 
806550 9.5340 
806600 -200.9367 
806650 -132.3112 
806700 -31.2144 
806750 18.9234 
806800 -58.7720 
806850 -132.0540 
806900 -307.1733 
806950 194.4245 
807000 80.4886 
807050 35.6452 
807100 -132.9650 
807150 3.1990 
807200 -244.8728 
807250 -330.3345 
807300 84.2342 
807350 67.5835 
807400 101.2211 
807450 10.7543 
807500 10.6489 
807550 -32.6227 
807600 -77.8528 
807650 159.1679 
807700 153.2328 
807750 -263.3968 
807800 -139.0760 
807850 -46.0426 
807900 194.3324 
807950 -187.2050 
808000 -100.8280 
808050 240.9836 
808100 -49.4657 
808150 -57.5787 
808200 -236.6338 
808250 58.7740 
808300 48.7611 
808350 256.5331 
808400 -296.2681 
808450 331.6675 
808500 223.1491 
808550 -347.7947 
808600 -150.0405 
808650 211.2082 
808700 -26.1850 
808750 183.9238 
808800 -142.9362 
808850 230.5070 
808900 -181.7271 
808950 -14.5434 
809000 -107.4113 
809050 -106.7083 
809100 -223.7172 
809150 -216.6232 
809200 -42.1927 
809250 -68.5863 
809300 93.5786 
809350 -232.6068 
809400 140.1606 
809450 -228.5831 
809500 187.2818 
809550 347.0899 
809600 323.9381 
809650 -84.6138 
809700 -134.0155 
809750 263.9059 
809800 131.3277 
809850 48.9903 
809900 132.0170 
809950 364.4906 
810000 -92.6042 
810050 -62.8830 
810100 -270.6793 
810150 42.1586 
810200 258.5811 
810250 -216.1608 
810300 -42.7563 
810350 72.9463 
810400 -71.5476 
810450 -142.6455 
810500 29.0839 
810550 -41.5976 
810600 -159.9191 
810650 45.0841 
810700 -80.7557 
810750 48.3440 
810800 -80.5231 
810850 -186.3943 
810900 7.1492 
810950 -564.8590 
811000 26.3888 
811050 99.4362 
811100 46.1111 
811150 -163.0987 
811200 -1.5613 
811250 -16.1766 
811300 26.8608 
811350 306.9046 
811400 -301.0532 
811450 46.5794 
811500 -286.1450 
811550 189.3612 
811600 -129.1892 
811650 72.2052 
811700 -194.3702 
811750 -14.8184 
811800 180.7262 
811850 94.4776 
811900 302.4868 
811950 42.8863 
812000 -424.4415 
812050 262.3489 
812100 38.5174 
812150 -296.2920 
812200 388.4118 
812250 192.3220 
812300 38.6104 
812350 294.3297 
812400 -419.6314 
812450 -477.2779 
812500 -11.1205 
812550 185.9970 
812600 112.2414 
812650 -79.0824 
812700 163.9184 
812750 89.4006 
812800 327.9865 
812850 -237.9905 
812900 120.9711 
812950 141.8333 
813000 45.0637 
813050 -239.2702 
813100 -29.4081 
813150 66.9202 
813200 -177.3509 
813250 144.3005 
813300 -27.9811 
813350 -169.2512 
813400 53.6370 
813450 599.4341 
813500 -59.2649 
813550 97.2094 
813600 -20.3449 
813650 194.4882 
813700 283.2356 
813750 26.0878 
813800 115.8822 
813850 -6.2534 
813900 38.2836 
813950 -279.1555 
814000 393.2633 
814050 307.3586 
814100 -128.5592 
814150 -154.4940 
814200 53.7584 
814250 133.2890 
814300 -93.3179 
814350 -449.2949 
814400 111.9116 
814450 171.9748 
814500 -439.5159 
814550 232.5701 
814600 -275.5847 
814650 139.7527 
814700 -131.9483 
814750 229.6028 
814800 -262.4494 
814850 216.3395 
814900 80.2482 
814950 -258.1389 
815000 -200.8887 
815050 -26.3000 
815100 -8.7832 
815150 219.7590 
815200 -58.4538 
815250 39.7845 
815300 -228.2668 
815350 87.6915 
815400 -37.8023 
815450 167.2218 
815500 -116.2316 
815550 240.1424 
815600 154.3425 
815650 -22.7958 
815700 -44.2311 
815750 175.2022 
815800 -204.0698 
815850 191.9378 
815900 -170.5259 
815950 849.9297 
816000 -113.0574 
816050 64.8778 
816100 36.0949 
816150 101.5123 
816200 219.6173 
816250 78.4744 
816300 4.6819 
816350 187.5744 
816400 -165.2494 
816450 182.6290 
816500 115.9995 
816550 42.3870 
816600 25.6345 
816650 -149.3255 
816700 126.6403 
816750 6.8486 
816800 95.3255 
816850 -47.2004 
816900 -58.5737 
816950 -41.5218 
817000 -160.0291 
817050 -92.6952 
817100 -54.1174 
817150 232.8564 
817200 80.5509 
817250 117.7706 
817300 -100.3458 
817350 -256.0445 
817400 -166.5122 
817450 64.5271 
817500 -52.6657 
817550 -133.4088 
817600 112.5790 
817650 128.4590 
817700 60.2483 
817750 482.1520 
817800 -269.3302 
817850 -435.4661 
817900 390.5314 
817950 158.9558 
818000 53.6424 
818050 -116.8141 
818100 300.8349 
818150 114.9124 
818200 93.0960 
818250 -15.4116 
818300 199.5837 
818350 97.6941 
818400 109.1845 
818450 62.0432 
818500 71.9716 
818550 -112.9164 
818600 0.3521 
818650 147.2842 
818700 -64.3803 
818750 74.3977 
818800 85.6102 
818850 -58.1086 
818900 -136.5710 
818950 -224.3967 
819000 320.2098 
819050 -26.2129 
819100 162.4379 
819150 -34.2295 
819200 49.3228 
819250 -98.2237 
819300 33.3348 
819350 -363.5601 
819400 293.5500 
819450 158.3795 
819500 -65.7980 
819550 -326.4435 
819600 172.9149 
819650 172.2392 
819700 127.3003 
819750 -52.3856 
819800 -33.8773 
819850 39.9894 
819900 17.4402 
819950 -64.3828 
820000 -78.0987 
820050 232.5790 
820100 33.2850 
820150 147.9972 
820200 -241.1528 
820250 159.5017 
820300 -44.0087 
820350 14.6185 
820400 -150.2480 
820450 159.2623 
820500 -19.5249 
820550 -157.7557 
820600 -194.6263 
820650 39.1052 
820700 -286.3272 
820750 30.6086 
820800 -92.4087 
820850 432.2230 
820900 -122.0605 
820950 108.5144 
821000 116.8061 
821050 -340.7750 
821100 185.3387 
821150 -303.6060 
821200 34.3015 
821250 -123.6710 
821300 -80.3727 
821350 -123.6689 
821400 71.4275 
821450 281.4817 
821500 -206.2981 
821550 -163.8966 
821600 244.1995 
821650 -323.9808 
821700 -294.8154 
821750 68.9823 
821800 -126.3163 
821850 -254.2895 
821900 26.6297 
821950 -396.2786 
822000 -87.3519 
822050 -248.2014 
822100 33.2011 
822150 71.2805 
822200 -39.3769 
822250 214.8983 
822300 -308.1668 
822350 -162.9491 
822400 -136.9292 
822450 21.7493 
822500 -258.8422 
822550 221.6959 
822600 -137.8111 
822650 -272.1259 
822700 11.5920 
822750 33.1145 
822800 -176.0816 
822850 -68.2489 
822900 247.2388 
822950 293.9651 
823000 -48.3593 
823050 -185.5624 
823100 -69.4666 
823150 -128.8355 
823200 -79.4830 
823250 -38.9644 
823300 -201.6576 
823350 -211.2490 
823400 -80.2985 
823450 55.7675 
823500 117.4982 
823550 141.1523 
823600 -118.1180 
823650 -284.5368 
823700 -2.4885 
823750 -94.2132 
823800 22.6413 
823850 361.3661 
823900 111.4355 
823950 -392.0412 
824000 -230.5583 
824050 94.4795 
824100 -272.9776 
824150 -118.8469 
824200 -214.7951 
824250 65.4184 
824300 -59.2188 
824350 -123.4066 
824400 168.1612 
824450 -325.8528 
824500 164.1034 
824550 -364.7870 
824600 -108.8741 
824650 153.3614 
824700 -201.1898 
824750 -161.1985 
824800 208.1190 
824850 -298.5076 
824900 -406.2425 
824950 110.1773 
825000 -189.6610 
825050 162.1148 
825100 160.8408 
825150 -131.1023 
825200 257.7600 
825250 150.0552 
825300 60.6674 
825350 -290.9110 
825400 -241.5469 
825450 4.1392 
825500 -157.7088 
825550 -6.0788 
825600 -391.0082 
825650 -25.3610 
825700 186.6100 
825750 -328.0071 
825800 -83.5662 
825850 -108.0298 
825900 -339.7737 
825950 -46.8696 
826000 -192.6972 
826050 73.4674 
826100 -162.2516 
826150 -343.4281 
826200 60.3761 
826250 -85.5379 
826300 110.2318 
826350 -96.5266 
826400 92.0574 
826450 23.8657 
826500 98.2718 
826550 -275.3084 
826600 123.6165 
826650 99.2283 
826700 -113.7591 
826750 -432.4749 
826800 -106.2996 
826850 424.2911 
826900 18.5606 
826950 -150.7836 
827000 -29.6397 
827050 28.6666 
827100 226.4691 
827150 -242.1776 
827200 -127.2413 
827250 -134.6179 
827300 -135.1213 
827350 -84.2640 
827400 -19.0356 
827450 -369.9411 
827500 -52.6409 
827550 -17.7951 
827600 105.1700 
827650 -4.4505 
827700 -316.7815 
827750 236.6023 
827800 216.1491 
827850 249.3081 
827900 -32.0702 
827950 -288.5470 
828000 -83.7060 
828050 -334.7504 
828100 55.1281 
828150 167.8870 
828200 65.2745 
828250 159.7455 
828300 70.7534 
828350 -108.7448 
828400 99.5388 
828450 88.3430 
828500 235.9639 
828550 1.0079 
828600 296.5846 
828650 -61.5602 
828700 -65.1413 
828750 78.6618 
828800 -159.0263 
828850 -100.4899 
828900 129.8594 
828950 -50.6815 
829000 129.9968 
829050 -204.0609 
829100 -231.6747 
829150 363.6973 
829200 -238.4782 
829250 -18.4868 
829300 -271.7159 
829350 115.5744 
829400 75.6884 
829450 -246.3596 
829500 -399.4691 
829550 -37.7636 
829600 -125.9918 
829650 -138.4617 
829700 53.6800 
829750 -477.0815 
829800 68.8748 
829850 -456.7136 
829900 -308.1004 
829950 4.1378 
830000 -60.3663 
830050 283.8765 
830100 -273.5350 
830150 -200.7240 
830200 -204.9880 
830250 139.2585 
830300 -154.9720 
830350 -168.9313 
830400 143.4905 
830450 -351.3656 
830500 -216.2394 
830550 24.9373 
830600 29.5326 
830650 -138.0511 
830700 -86.7217 
830750 -9.8517 
830800 -44.2976 
830850 -112.5262 
830900 182.2021 
830950 -40.4975 
831000 -24.7865 
831050 -171.2658 
831100 -370.0135 
831150 60.7452 
831200 -159.9107 
831250 -369.1776 
831300 -64.8369 
831350 -394.5298 
831400 -90.7694 
831450 181.6546 
831500 146.3043 
831550 -238.1058 
831600 148.9472 
831650 -126.9339 
831700 -367.0204 
831750 -118.1972 
831800 -83.7759 
831850 -60.9033 
831900 145.1989 
831950 106.8896 
832000 -497.0506 
832050 -155.0060 
832100 139.0310 
832150 -231.1980 
832200 -314.4704 
832250 156.4241 
832300 -233.7870 
832350 244.7494 
832400 -14.9137 
832450 106.6417 
832500 -335.6108 
832550 -160.9186 
832600 61.3146 
832650 -333.6849 
832700 -93.6359 
832750 -79.7090 
832800 161.6386 
832850 287.3215 
832900 -331.0261 
832950 -85.0481 
833000 234.8982 
833050 325.3833 
833100 -444.3781 
833150 -287.6720 
833200 -210.6555 
833250 -228.6691 
833300 -69.2651 
833350 0.1796 
833400 -85.9761 
833450 -299.1674 
833500 -65.5763 
833550 -86.2211 
833600 -5.2210 
833650 -132.3837 
833700 -111.9350 
833750 419.9799 
833800 61.0671 
833850 -116.6277 
833900 93.6617 
833950 -26.3910 
834000 -173.0214 
834050 -83.8204 
834100 90.0549 
834150 116.2136 
834200 -58.0947 
834250 -10.0220 
834300 134.2120 
834350 290.9743 
834400 38.1280 
834450 -61.4886 
834500 -235.1505 
834550 -88.9760 
834600 44.1885 
834650 -10.7978 
834700 -114.2960 
834750 59.3848 
834800 226.2896 
834850 309.6657 
834900 135.7421 
834950 -80.4736 
835000 272.7419 
835050 -204.5368 
835100 141.7193 
835150 -236.2309 
835200 -118.1546 
835250 -321.7170 
835300 -74.1427 
835350 -49.6767 
835400 339.5795 
835450 32.2954 
835500 16.1352 
835550 157.6900 
835600 -37.0579 
835650 -38.4420 
835700 -72.1008 
835750 29.8126 
835800 -89.8069 
835850 92.0926 
835900 -86.7837 
835950 -145.7589 
836000 37.7814 
836050 20.9961 
836100 -321.8679 
836150 84.2745 
836200 128.2042 
836250 -168.7875 
836300 -197.2598 
836350 -139.1009 
836400 193.0704 
836450 -50.2002 
836500 101.6520 
836550 -181.0142 
836600 -72.6637 
836650 -128.9525 
836700 -222.2691 
836750 50.1338 
836800 98.8604 
836850 -240.9614 
836900 -82.8187 
836950 271.5493 
837000 -171.8139 
837050 -78.8921 
837100 73.8207 
837150 -80.9580 
837200 -90.9219 
837250 -220.9489 
837300 -11.0276 
837350 -53.5869 
837400 59.4207 
837450 10.0879 
837500 38.6537 
837550 64.2400 
837600 221.3007 
837650 52.9387 
837700 -50.3263 
837750 -221.5999 
837800 43.1336 
837850 -6.3378 
837900 -249.4490 
837950 -212.8167 
838000 -132.0094 
838050 -111.8151 
838100 5.4161 
838150 -15.8255 
838200 50.3519 
838250 -133.4857 
838300 -2.3688 
838350 382.7891 
838400 -144.3900 
838450 211.2147 
838500 14.1154 
838550 -4.1438 
838600 -132.5861 
838650 182.1358 
838700 63.6255 
838750 121.0838 
838800 -71.2002 
838850 -407.0852 
838900 -106.7185 
838950 182.4974 
839000 -219.1355 
839050 54.7771 
839100 -173.5040 
839150 17.6034 
839200 77.2339 
839250 -35.8508 
839300 -196.4593 
839350 315.3074 
839400 -10.7200 
839450 96.2641 
839500 228.1331 
839550 -89.6794 
839600 -229.7763 
839650 117.1596 
839700 50.8360 
839750 -74.4852 
839800 97.6020 
839850 161.1339 
839900 -145.3127 
839950 -57.2130 
840000 114.1332 
840050 -149.1884 
840100 100.0613 
840150 -179.9494 
840200 24.1328 
840250 -111.0429 
840300 13.8519 
840350 251.5218 
840400 4.5526 
840450 -52.2866 
840500 -379.9018 
840550 140.1841 
840600 -155.3275 
840650 172.2677 
840700 -25.0604 
840750 292.6241 
840800 -67.9814 
840850 138.9723 
840900 46.4982 
840950 238.2898 
841000 -121.7023 
841050 -43.6049 
841100 -17.8637 
841150 85.1264 
841200 -21.3891 
841250 -40.3291 
841300 -82.0500 
841350 -81.9560 
841400 4.0386 
841450 336.4307 
841500 -194.0603 
841550 -521.4038 
841600 -38.7745 
841650 -196.2184 
841700 -114.8883 
841750 -21.9271 
841800 -63.8639 
841850 -538.8456 
841900 4.9560 
841950 -427.7065 
842000 168.5397 
842050 86.9117 
842100 -25.5892 
842150 35.4432 
842200 -77.4577 
842250 29.1268 
842300 -147.9218 
842350 -273.6323 
842400 23.6679 
842450 97.2819 
842500 -129.2158 
842550 124.8176 
842600 -18.3209 
842650 -33.1446 
842700 -57.5863 
842750 362.1800 
842800 -259.7282 
842850 95.6495 
842900 137.5998 
842950 34.1067 
843000 486.0536 
843050 52.7519 
843100 189.1046 
843150 -56.4771 
843200 -74.7480 
843250 -26.2631 
843300 -308.0646 
843350 -301.1858 
843400 116.9536 
843450 -50.5462 
843500 107.7004 
843550 -228.7041 
843600 236.8035 
843650 -302.5648 
843700 -194.3777 
843750 18.5045 
843800 267.2435 
843850 10.4044 
843900 -305.5137 
843950 -210.4084 
844000 134.6923 
844050 27.8228 
844100 88.3372 
844150 190.6780 
844200 -324.4227 
844250 -57.7753 
844300 19.2927 
844350 43.8866 
844400 -99.0173 
844450 341.8246 
844500 246.2005 
844550 136.2250 
844600 68.0584 
844650 -253.3029 
844700 -24.4492 
844750 -61.2140 
844800 104.7052 
844850 186.3781 
844900 -274.4456 
844950 274.8261 
845000 204.6039 
845050 -96.7829 
845100 -46.4591 
845150 2.7295 
845200 -158.6692 
845250 6.1789 
845300 -206.1762 
845350 7.4888 
845400 -305.9684 
845450 73.9452 
845500 -281.2232 
845550 314.0502 
845600 309.0411 
845650 -293.1929 
845700 -126.5048 
845750 17.4612 
845800 -53.0443 
845850 -319.5580 
845900 141.1892 
845950 113.5492 
846000 -281.6233 
846050 46.9711 
846100 -91.0050 
846150 92.6513 
846200 -125.6106 
846250 -6.3520 
846300 -142.4154 
846350 -282.1331 
846400 58.2618 
846450 -298.9200 
846500 69.7543 
846550 158.9805 
846600 -376.6766 
846650 139.1493 
846700 -117.4824 
846750 -335.0264 
846800 -2.9021 
846850 174.6767 
846900 57.7090 
846950 -118.7334 
847000 -25.5136 
847050 137.8196 
847100 153.9344 
847150 232.9356 
847200 340.7445 
847250 -492.3056 
847300 -223.7226 
847350 37.5309 
847400 67.0002 
847450 -193.8809 
847500 -335.4679 
847550 204.0804 
847600 -2.8080 
847650 108.3602 
847700 149.3662 
847750 -191.0003 
847800 172.0421 
847850 46.3016 
847900 67.3256 
847950 -64.2911 
848000 -79.9196 
848050 -103.3123 
848100 -185.0444 
848150 -132.1058 
848200 21.4200 
848250 220.5149 
848300 105.7033 
848350 -267.8968 
848400 112.9995 
848450 148.1675 
848500 -47.8927 
848550 -206.4614 
848600 -15.0072 
848650 -82.0391 
848700 -254.9994 
848750 293.1198 
848800 -328.2755 
848850 -52.9524 
848900 -100.6700 
848950 -264.8397 
849000 100.6048 
849050 -205.4897 
849100 -72.1898 
849150 -92.5105 
849200 -257.9326 
849250 58.9629 
849300 -343.5393 
849350 -97.3623 
849400 202.9266 
849450 35.8622 
849500 -342.3394 
849550 -84.7089 
849600 13.3556 
849650 -188.4550 
849700 145.0564 
849750 -58.7103 
849800 -288.5884 
849850 77.8192 
849900 -205.4431 
849950 103.8628 
850000 -505.5265 
850050 -292.7332 
850100 -31.2087 
850150 369.7805 
850200 -355.3906 
850250 -145.3780 
850300 238.4079 
850350 49.8505 
850400 -164.0675 
850450 438.2377 
850500 29.4863 
850550 -309.2899 
850600 -183.1019 
850650 218.4777 
850700 -52.7211 
850750 -25.6033 
850800 -152.0228 
850850 -91.6354 
850900 -226.2865 
850950 -6.9079 
851000 46.4069 
851050 -187.3753 
851100 -209.4231 
851150 108.8536 
851200 50.3314 
851250 -298.8622 
851300 -297.3832 
851350 67.8515 
851400 -169.9647 
851450 -235.4764 
851500 -76.3181 
851550 26.9699 
851600 -256.7280 
851650 52.2952 
851700 -108.9981 
851750 -224.8734 
851800 243.0068 
851850 -240.6798 
851900 127.0367 
851950 -223.7373 
852000 42.7631 
852050 -91.3578 
852100 -62.7552 
852150 45.9045 
852200 -268.7647 
852250 192.3020 
852300 -193.3851 
852350 -59.8552 
852400 531.7889 
852450 -198.2747 
852500 -40.3912 
852550 -74.2445 
852600 -172.8876 
852650 151.2205 
852700 58.3201 
852750 199.8901 
852800 -71.9747 
852850 -8.0580 
852900 -178.9139 
852950 -217.4703 
853000 -206.7761 
853050 38.1818 
853100 -86.0115 
853150 -256.2507 
853200 -13.3427 
853250 -123.9375 
853300 -121.1165 
853350 -150.0086 
853400 -36.7911 
853450 -271.6284 
853500 -42.1009 
853550 174.0793 
853600 -59.6201 
853650 58.7825 
853700 2.5666 
853750 26.8481 
853800 -396.0489 
853850 319.4091 
853900 -283.4607 
853950 166.7390 
854000 152.9476 
854050 125.6699 
854100 -57.5162 
854150 -74.6212 
854200 -61.5654 
854250 144.3591 
854300 -160.1296 
854350 -185.2842 
854400 546.2858 
854450 195.4794 
854500 39.5319 
854550 -70.8903 
854600 208.6069 
854650 -115.5272 
854700 -471.7419 
854750 -34.3526 
854800 133.5797 
854850 -310.1158 
854900 110.8971 
854950 -217.1786 
855000 -61.1282 
855050 -148.2870 
855100 176.9862 
855150 307.0180 
855200 -438.6458 
855250 -188.8269 
855300 17.9493 
855350 2.0903 
855400 -191.0005 
855450 79.0306 
855500 7.5739 
855550 100.5535 
855600 -320.8273 
855650 144.9301 
855700 65.7014 
855750 -361.4116 
855800 -92.4141 
855850 -7.4646 
855900 -50.3092 
855950 56.7511 
856000 132.4071 
856050 35.4466 
856100 -55.9144 
856150 298.1679 
856200 88.4402 
856250 97.2093 
856300 98.5451 
856350 63.5049 
856400 435.0660 
856450 92.8959 
856500 -135.7292 
856550 -119.0961 
856600 -44.7347 
856650 -184.9615 
856700 9.9477 
856750 -124.8623 
856800 42.5504 
856850 87.2954 
856900 13.7842 
856950 -155.7791 
857000 -207.3705 
857050 114.6125 
857100 193.5487 
857150 -239.0252 
857200 -120.5836 
857250 221.3011 
857300 -121.4189 
857350 -225.4173 
857400 59.6311 
857450 -16.0845 
857500 -35.5192 
857550 -233.0125 
857600 -107.3189 
857650 -98.2335 
857700 -82.3829 
857750 -264.4530 
857800 2.4335 
857850 -195.8247 
857900 -1.3990 
857950 -115.0642 
858000 -406.4330 
858050 -229.7145 
858100 -62.9706 
858150 38.2235 
858200 54.9091 
858250 -290.3548 
858300 -236.9279 
858350 306.4135 
858400 -150.4732 
858450 0.3581 
858500 63.7432 
858550 -209.8560 
858600 -111.8087 
858650 -125.0264 
858700 132.5232 
858750 65.2573 
858800 206.2300 
858850 268.9672 
858900 -300.0982 
858950 -83.7314 
859000 -99.1451 
859050 -132.6410 
859100 207.7953 
859150 -19.7839 
859200 -23.7391 
859250 -56.9517 
859300 224.6206 
859350 -244.6393 
859400 282.0202 
859450 193.6299 
859500 -103.2700 
859550 330.1579 
859600 -118.7855 
859650 -70.6293 
859700 262.0848 
859750 89.7415 
859800 -111.0538 
859850 -7.0855 
859900 440.6794 
859950 -2.5930 
860000 52.9046 
860050 -186.8135 
860100 -156.4955 
860150 80.4403 
860200 -50.1749 
860250 130.7189 
860300 53.7911 
860350 181.1739 
860400 -11.2472 
860450 87.9471 
860500 17.7358 
860550 -82.8965 
860600 -86.7285 
860650 39.4676 
860700 -116.6267 
860750 28.5893 
860800 -34.7524 
860850 -186.1315 
860900 487.7261 
860950 -107.2502 
861000 108.6330 
861050 -78.1530 
861100 321.7256 
861150 271.6793 
861200 -288.6389 
861250 362.4448 
861300 -118.6703 
861350 -31.8331 
861400 388.6427 
861450 -203.6716 
861500 71.8669 
861550 212.6342 
861600 -26.4623 
861650 -5.7314 
861700 23.4928 
861750 123.3965 
861800 73.5470 
861850 212.3525 
861900 -78.5334 
861950 -6.3496 
862000 -88.6382 
862050 240.0494 
862100 -114.1957 
862150 -531.0711 
862200 216.6848 
862250 -26.6675 
862300 127.4370 
862350 -60.6097 
862400 -83.1591 
862450 421.8882 
862500 -290.5071 
862550 -234.2747 
862600 -81.4396 
862650 -125.6373 
862700 78.0111 
862750 -135.4424 
862800 37.8316 
862850 124.3875 
862900 50.3741 
862950 -329.0592 
863000 70.5150 
863050 82.7749 
863100 134.7454 
863150 300.3534 
863200 -268.4763 
863250 96.7670 
863300 117.9037 
863350 -136.4934 
863400 -105.6692 
863450 -5.8738 
863500 -245.7163 
863550 -18.9816 
863600 -43.3780 
863650 -197.4435 
863700 125.4696 
863750 82.2224 
863800 -192.5094 
863850 2.2829 
863900 310.7495 
863950 36.7670 
864000 305.3805 
864050 250.8816 
864100 -144.8013 
864150 94.4029 
864200 116.2676 
864250 -161.6920 
864300 -7.1309 
864350 -14.4434 
864400 206.0797 
864450 319.7998 
864500 -349.5815 
864550 -40.9936 
864600 112.6758 
864650 30.3147 
864700 -70.1730 
864750 99.4581 
864800 51.8341 
864850 216.8714 
864900 139.8366 
864950 155.6393 
865000 -2.9224 
865050 14.0198 
865100 40.8532 
865150 -350.2399 
865200 -235.5017 
865250 7.2053 
865300 -199.2676 
865350 183.4142 
865400 41.1014 
865450 115.1207 
865500 81.6625 
865550 80.3494 
865600 -273.9344 
865650 147.4939 
865700 -141.2215 
865750 -19.3297 
865800 -168.3993 
865850 -143.0328 
865900 46.9554 
865950 -48.0206 
866000 -7.8794 
866050 -36.7621 
866100 372.6317 
866150 -335.7372 
866200 34.3048 
866250 -389.2147 
866300 166.3951 
866350 -83.6187 
866400 101.2618 
866450 89.1924 
866500 -220.4754 
866550 -200.2328 
866600 53.4270 
866650 -3.3575 
866700 -321.5752 
866750 81.4080 
866800 -178.5775 
866850 -67.8917 
866900 -229.1373 
866950 43.0032 
867000 172.0519 
867050 -129.8045 
867100 278.5206 
867150 -217.3594 
867200 62.9209 
867250 148.6150 
867300 247.8138 
867350 -206.0982 
867400 -68.8982 
867450 -33.7447 
867500 231.2655 
867550 -55.4816 
867600 44.6652 
867650 132.5123 
867700 44.7742 
867750 85.8152 
867800 -82.3643 
867850 -224.5580 
867900 16.8733 
867950 388.3018 
868000 -301.3687 
868050 -118.6751 
868100 186.9703 
868150 -110.2803 
868200 50.3947 
868250 76.6614 
868300 20.7824 
868350 -146.6424 
868400 -80.5358 
868450 -331.0710 
868500 -256.3531 
868550 108.6531 
868600 113.1209 
868650 400.0744 
868700 -46.6038 
868750 249.8041 
868800 -133.1846 
868850 -107.5242 
868900 -154.8989 
868950 -226.9830 
869000 150.7347 
869050 15.1810 
869100 137.8399 
869150 -113.4395 
869200 -168.8431 
869250 -104.5252 
869300 -245.2802 
869350 201.6766 
869400 -25.3224 
869450 -371.2342 
869500 173.0292 
869550 -53.5588 
869600 -265.0278 
869650 -143.5980 
869700 93.3677 
869750 135.1414 
869800 -148.6656 
869850 -69.4226 
869900 143.7822 
869950 281.3224 
870000 -144.3363 
870050 107.5667 
870100 -176.2935 
870150 -6.6504 
870200 -175.9878 
870250 19.7848 
870300 -213.2567 
870350 -71.2505 
870400 -75.2831 
870450 -206.4639 
870500 81.6494 
870550 12.3492 
870600 -197.8315 
870650 -210.3782 
870700 347.1851 
870750 -82.5938 
870800 -405.5814 
870850 208.8328 
870900 185.2534 
870950 -34.2759 
871000 -41.8118 
871050 65.6614 
871100 61.7935 
871150 234.3996 
871200 178.8603 
871250 -160.2997 
871300 58.4368 
871350 -148.6452 
871400 -77.4313 
871450 -161.1515 
871500 -157.4650 
871550 231.0684 
871600 -267.7134 
871650 -233.5635 
871700 55.1164 
871750 204.0049 
871800 -259.5137 
871850 -235.3069 
871900 -76.7304 
871950 253.4750 
872000 -220.2464 
872050 -41.3877 
872100 -218.2807 
872150 92.5652 
872200 -220.0616 
872250 169.0261 
872300 -169.7077 
872350 -37.8225 
872400 146.7263 
872450 -279.2493 
872500 -150.5818 
872550 -247.4459 
872600 -136.0182 
872650 270.7581 
872700 131.2539 
872750 37.2222 
872800 92.2252 
872850 -42.8169 
872900 64.6535 
872950 -216.7028 
873000 -218.5661 
873050 -285.3561 
873100 216.9867 
873150 -325.3715 
873200 309.8872 
873250 63.1995 
873300 241.2213 
873350 217.6902 
873400 152.8787 
873450 -31.7671 
873500 81.7593 
873550 134.4211 
873600 34.8615 
873650 -443.1729 
873700 -297.2750 
873750 253.1586 
873800 -237.0910 
873850 -149.2100 
873900 51.3253 
873950 -226.2368 
874000 80.7490 
874050 106.1921 
874100 -8.0316 
874150 104.6819 
874200 -54.7070 
874250 11.1508 
874300 -116.1615 
874350 133.1599 
874400 141.6329 
874450 155.9579 
874500 461.4098 
874550 -141.5417 
874600 297.7025 
874650 233.9982 
874700 8.3459 
874750 88.4101 
874800 115.4466 
874850 -16.7365 
874900 126.4121 
874950 -8.9195 
875000 566.7206 
875050 6.2057 
875100 87.2133 
875150 -137.4686 
875200 167.3692 
875250 -133.6371 
875300 -344.3042 
875350 -416.0048 
875400 43.7074 
875450 114.7061 
875500 -33.5109 
875550 -68.6172 
875600 -293.0322 
875650 335.5234 
875700 25.7781 
875750 138.8263 
875800 14.6156 
875850 371.3011 
875900 58.2311 
875950 332.9973 
876000 259.6516 
876050 -468.2894 
876100 205.7730 
876150 -384.9956 
876200 123.2356 
876250 21.2356 
876300 -566.1194 
876350 -193.8285 
876400 210.3532 
876450 14.3830 
876500 111.2479 
876550 148.9674 
876600 34.5115 
876650 228.7504 
876700 -240.2474 
876750 -165.9792 
876800 135.2240 
876850 100.4542 
876900 131.5703 
876950 103.7086 
877000 174.2500 
877050 79.2583 
877100 -312.9003 
877150 -140.4452 
877200 304.4848 
877250 3.7483 
877300 -189.5810 
877350 -236.6631 
877400 75.6401 
877450 -7.0463 
877500 -302.3054 
877550 -172.4453 
877600 -86.3236 
877650 -103.7118 
877700 28.0715 
877750 -38.4996 
877800 200.3468 
877850 -289.6500 
877900 -128.7609 
877950 -500.2313 
878000 -358.9184 
878050 253.7580 
878100 96.8684 
878150 -19.5648 
878200 68.7072 
878250 33.1516 
878300 349.8594 
878350 -132.3216 
878400 -330.2039 
878450 33.2667 
878500 -102.7790 
878550 -348.5979 
878600 157.6318 
878650 -44.6963 
878700 -83.0673 
878750 362.9512 
878800 89.6253 
878850 268.4060 
878900 -3.2671 
878950 85.5532 
879000 39.6854 
879050 -79.9051 
879100 -63.0796 
879150 208.5486 
879200 -24.0531 
879250 -170.2772 
879300 -110.7909 
879350 -94.0535 
879400 -272.6884 
879450 384.5070 
879500 -9.8410 
879550 -296.4626 
879600 -35.1490 
879650 190.4993 
879700 -292.7005 
879750 56.1324 
879800 -122.7676 
879850 -230.6703 
879900 86.7586 
879950 -185.2681 
880000 88.2019 
880050 -34.0631 
880100 -80.0193 
880150 -230.4726 
880200 260.7126 
880250 -11.9854 
880300 -138.0757 
880350 -62.9631 
880400 -137.6380 
880450 -37.5552 
880500 160.8543 
880550 206.5464 
880600 110.4245 
880650 256.5934 
880700 16.6237 
880750 234.6355 
880800 167.7502 
880850 339.9299 
880900 0.9648 
880950 77.6170 
881000 111.5897 
881050 -63.1363 
881100 -87.2864 
881150 -316.5521 
881200 -7.9967 
881250 99.6408 
881300 -24.4992 
881350 30.9141 
881400 4.9845 
881450 216.9696 
881500 243.6701 
881550 233.5428 
881600 154.6601 
881650 -7.7402 
881700 -92.9487 
881750 -293.8073 
881800 -24.4707 
881850 -27.3928 
881900 81.4650 
881950 -91.7572 
882000 -105.8976 
882050 50.5138 
882100 4.9992 
882150 -163.9845 
882200 -347.3590 
882250 -247.7605 
882300 110.6931 
882350 -242.8120 
882400 90.2027 
882450 -68.2106 
882500 290.3416 
882550 45.7033 
882600 118.2532 
882650 152.3077 
882700 -175.6036 
882750 91.3687 
882800 283.6039 
882850 -1.6454 
882900 -396.8950 
882950 260.1321 
883000 -388.7300 
883050 -237.8529 
883100 -119.0246 
883150 85.6583 
883200 9.0451 
883250 -335.5611 
883300 -361.0553 
883350 88.5758 
883400 -101.3331 
883450 209.7239 
883500 146.7102 
883550 -245.5732 
883600 -27.0204 
883650 -260.3936 
883700 279.0051 
883750 -125.6487 
883800 167.2798 
883850 76.1119 
883900 -345.7392 
883950 -22.0326 
884000 -92.8141 
884050 -186.6376 
884100 306.5139 
884150 -308.2033 
884200 -101.9876 
884250 60.3953 
884300 159.9978 
884350 -319.6707 
884400 -320.4033 
884450 49.0569 
884500 133.2530 
884550 -182.5499 
884600 -278.2591 
884650 -137.3528 
884700 96.5342 
884750 99.3090 
884800 65.2407 
884850 116.8608 
884900 -157.2993 
884950 -201.4111 
885000 76.7895 
885050 -53.1486 
885100 354.4109 
885150 -200.3909 
885200 34.8973 
885250 17.2759 
885300 59.1127 
885350 79.8381 
885400 146.4273 
885450 251.8110 
885500 30.1853 
885550 -90.6982 
885600 -111.2837 
885650 -62.1443 
885700 -199.9376 
885750 354.1954 
885800 -115.0255 
885850 46.9594 
885900 -68.1137 
885950 22.8877 
886000 -437.3613 
886050 -9.2078 
886100 10.6383 
886150 60.8548 
886200 -15.5311 
886250 -619.1788 
886300 122.7952 
886350 -174.3669 
886400 -384.5086 
886450 -213.2121 
886500 109.1734 
886550 236.1323 
886600 -33.5591 
886650 -79.6547 
886700 -121.0191 
886750 175.8530 
886800 -166.8840 
886850 -347.7053 
886900 -115.9400 
886950 -23.0123 
887000 -214.0134 
887050 -142.9723 
887100 -115.3876 
887150 -201.7503 
887200 -274.3755 
887250 -115.6641 
887300 -223.8963 
887350 243.4370 
887400 -154.4393 
887450 -448.6884 
887500 -182.6848 
887550 71.5753 
887600 -113.2525 
887650 -1.9048 
887700 -23.1450 
887750 -8.0998 
887800 -39.6593 
887850 -106.6664 
887900 495.6782 
887950 -150.3003 
888000 200.4785 
888050 -255.4979 
888100 74.0025 
888150 -150.1775 
888200 -342.4626 
888250 339.4120 
888300 254.9698 
888350 33.5453 
888400 217.9949 
888450 65.2904 
888500 -250.2066 
888550 370.7068 
888600 163.8625 
888650 -58.8341 
888700 354.1021 
888750 80.2742 
888800 -76.6903 
888850 -130.8370 
888900 -143.3000 
888950 -35.0159 
889000 -162.5480 
889050 127.9872 
889100 251.9149 
889150 311.4260 
889200 309.9222 
889250 293.9722 
889300 161.4804 
889350 -325.8832 
889400 65.1933 
889450 124.4425 
889500 -54.3960 
889550 -233.5181 
889600 -212.2499 
889650 109.7422 
889700 -60.1141 
889750 -265.1032 
889800 -297.7380 
889850 105.1269 
889900 218.2162 
889950 -203.7155 
890000 -1.7783 
890050 345.7507 
890100 389.3494 
890150 -18.2982 
890200 -164.8363 
890250 -128.7527 
890300 -48.3753 
890350 -50.1751 
890400 169.9257 
890450 -323.1861 
890500 188.5496 
890550 65.7401 
890600 -250.4177 
890650 184.6571 
890700 141.3118 
890750 225.1659 
890800 -49.9662 
890850 409.3215 
890900 -367.9186 
890950 51.8842 
891000 65.1982 
891050 -44.6209 
891100 195.5996 
891150 -360.5881 
891200 187.3964 
891250 156.6106 
891300 -470.4973 
891350 242.4024 
891400 -274.4534 
891450 -126.4126 
891500 -68.8633 
891550 80.0445 
891600 -189.1035 
891650 18.4031 
891700 -154.5363 
891750 -194.7502 
891800 -33.0519 
891850 -282.7512 
891900 -264.8626 
891950 10.2035 
892000 -176.0052 
892050 -2.7462 
892100 -289.4898 
892150 -242.1542 
892200 28.1977 
892250 -159.8249 
892300 345.0512 
892350 191.2149 
892400 -79.1899 
892450 -141.5547 
892500 -17.4138 
892550 89.3617 
892600 -140.7844 
892650 -148.3789 
892700 -150.0558 
892750 176.1994 
892800 72.7285 
892850 -20.8726 
892900 -218.8188 
892950 132.4217 
893000 -3.4008 
893050 -214.0152 
893100 59.0091 
893150 -76.3619 
893200 -52.5450 
893250 134.7601 
893300 -176.4537 
893350 -78.1354 
893400 -158.2310 
893450 -154.0394 
893500 -34.0396 
893550 708.0827 
893600 -200.2584 
893650 81.4119 
893700 -63.2880 
893750 140.8834 
893800 -255.4532 
893850 -59.6252 
893900 96.5376 
893950 201.1797 
894000 -321.7293 
894050 -9.8409 
894100 -75.8141 
894150 103.8459 
894200 -405.4251 
894250 -56.4087 
894300 -43.7167 
894350 209.4776 
894400 -252.3268 
894450 -47.9925 
894500 340.7501 
894550 -202.1741 
894600 441.3126 
894650 -309.7480 
894700 115.7245 
894750 119.7538 
894800 -246.1678 
894850 7.5302 
894900 149.3831 
894950 102.7847 
895000 140.1580 
895050 13.5428 
895100 -85.3063 
895150 38.4201 
895200 57.7173 
895250 -57.0261 
895300 -62.0655 
895350 7.3631 
895400 -152.3078 
895450 -115.1449 
895500 -322.2268 
895550 115.4703 
895600 73.1934 
895650 -83.2733 
895700 67.2338 
895750 -416.4147 
895800 -290.1139 
895850 -140.9587 
895900 108.3385 
895950 -258.0392 
896000 -60.4410 
896050 86.5024 
896100 -163.3872 
896150 -71.9550 
896200 118.9165 
896250 156.8232 
896300 112.5779 
896350 -541.6173 
896400 -204.3537 
896450 -154.5783 
896500 -290.1145 
896550 -216.4562 
896600 261.1813 
896650 -74.4105 
896700 -400.2007 
896750 13.5248 
896800 387.2790 
896850 -361.8702 
896900 -127.6681 
896950 90.0262 
897000 125.9327 
897050 -315.7631 
897100 -6.6712 
897150 -245.1802 
897200 172.6308 
897250 296.7033 
897300 -134.6400 
897350 -192.2596 
897400 -194.6550 
897450 -149.4118 
897500 -142.5833 
897550 -176.0312 
897600 156.9266 
897650 -175.7228 
897700 234.9544 
897750 -127.4302 
897800 77.1131 
897850 -255.5319 
897900 -330.1639 
897950 -63.8284 
898000 -106.4939 
898050 311.8842 
898100 177.2482 
898150 363.6629 
898200 -385.9118 
898250 70.8013 
898300 74.1855 
898350 97.3966 
898400 -133.3466 
898450 -55.0801 
898500 32.3632 
898550 -128.1062 
898600 249.8433 
898650 271.0435 
898700 -15.4217 
898750 73.6102 
898800 -383.4975 
898850 -67.4114 
898900 242.9706 
898950 -123.3391 
899000 289.0715 
899050 -130.6008 
899100 111.8438 
899150 -40.0342 
899200 41.8932 
899250 47.8083 
899300 240.6695 
899350 208.6466 
899400 -209.3212 
899450 88.4649 
899500 78.5486 
899550 -69.1622 
899600 -231.8240 
899650 181.4328 
899700 -143.1578 
899750 -265.3268 
899800 91.7561 
899850 195.4866 
899900 -224.2666 
899950 -299.3169 
900000 -86.8536 
900050 -68.5335 
900100 273.2421 
900150 -21.7076 
900200 -463.8739 
900250 43.9320 
900300 -268.9862 
900350 129.6822 
900400 -281.6635 
900450 261.5657 
900500 320.9301 
900550 -294.3980 
900600 -206.9661 
900650 -42.9784 
900700 -146.9731 
900750 -69.2105 
900800 263.9408 
900850 -186.7322 
900900 -124.0803 
900950 -36.0347 
901000 -48.9263 
901050 -218.2542 
901100 -291.8833 
901150 -188.6730 
901200 -32.7711 
901250 -293.0615 
901300 22.0160 
901350 249.0456 
901400 -298.9110 
901450 243.0424 
901500 -34.1022 
901550 -168.1470 
901600 -44.9402 
901650 -63.8799 
901700 207.1546 
901750 85.1297 
901800 73.9587 
901850 81.5970 
901900 221.4176 
901950 -4.0812 
902000 245.6518 
902050 34.4249 
902100 -215.4148 
902150 -133.6053 
902200 -17.8074 
902250 -418.3542 
902300 -149.0171 
902350 207.6410 
902400 43.8909 
902450 161.3000 
902500 -204.5266 
902550 -24.2355 
902600 -168.3066 
902650 -424.0191 
902700 -47.1209 
902750 254.7321 
902800 162.8561 
902850 4.3123 
902900 27.9884 
902950 -50.5148 
903000 256.8506 
903050 95.0807 
903100 -140.5526 
903150 -181.4682 
903200 153.2370 
903250 -207.1673 
903300 -44.1734 
903350 137.7275 
903400 -123.1082 
903450 295.0777 
903500 -251.9878 
903550 -138.5619 
903600 150.7575 
903650 -34.1958 
903700 -212.9196 
903750 -299.1673 
903800 -437.3357 
903850 108.6183 
903900 -138.2866 
903950 447.9197 
904000 -73.2380 
904050 51.6464 
904100 -110.1782 
904150 -115.1898 
904200 -106.7901 
904250 -63.1883 
904300 77.9994 
904350 244.0363 
904400 194.8843 
904450 -87.8084 
904500 128.3394 
904550 -246.7157 
904600 -70.9144 
904650 -33.8976 
904700 -53.7406 
904750 -22.3796 
904800 -457.9812 
904850 141.1779 
904900 -28.6706 
904950 324.4996 
905000 -163.7344 
905050 123.6799 
905100 -3.1678 
905150 -91.2350 
905200 94.3826 
905250 102.4334 
905300 -96.2102 
905350 -6.0818 
905400 -48.6734 
905450 -41.9374 
905500 -345.1491 
905550 176.3854 
905600 263.7141 
905650 -58.3931 
905700 93.2792 
905750 -81.9051 
905800 -287.0496 
905850 -161.9851 
905900 -475.2010 
905950 73.4922 
906000 443.9634 
906050 42.4498 
906100 297.9110 
906150 -313.0053 
906200 -121.1541 
906250 55.7151 
906300 -383.0153 
906350 82.3997 
906400 116.2780 
906450 -365.7568 
906500 -21.1227 
906550 -114.3150 
906600 2.5364 
906650 130.8705 
906700 -26.4296 
906750 -48.7592 
906800 216.0717 
906850 14.1375 
906900 -67.1442 
906950 102.6811 
907000 -87.6021 
907050 19.4009 
907100 -110.5965 
907150 271.6741 
907200 -82.9361 
907250 160.7385 
907300 -422.8825 
907350 50.6366 
907400 -193.5959 
907450 314.6779 
907500 44.4347 
907550 -414.5131 
907600 179.9329 
907650 -59.8356 
907700 54.9340 
907750 -214.3704 
907800 272.8614 
907850 -103.6283 
907900 -80.0096 
907950 -17.6451 
908000 296.6201 
908050 -10.2033 
908100 -134.8657 
908150 -184.7042 
908200 248.6668 
908250 -24.5420 
908300 -191.7228 
908350 133.6594 
908400 50.7320 
908450 -262.2640 
908500 -348.3173 
908550 325.1550 
908600 110.8660 
908650 -92.5915 
908700 -129.9342 
908750 136.7987 
908800 -97.7221 
908850 -168.9032 
908900 -232.2647 
908950 106.6993 
909000 -183.8083 
909050 -85.5149 
909100 -115.8445 
909150 244.3623 
909200 -24.2618 
909250 -261.0816 
909300 -46.2766 
909350 121.8123 
909400 -371.0834 
909450 37.7866 
909500 -243.9113 
909550 14.4220 
909600 109.7894 
909650 149.1377 
909700 153.9814 
909750 284.9149 
909800 -138.9746 
909850 -266.0751 
909900 -222.9858 
909950 399.6784 
910000 253.7766 
910050 68.5353 
910100 -27.6130 
910150 24.4617 
910200 -94.1499 
910250 -77.3345 
910300 -423.1971 
910350 220.5905 
910400 86.0302 
910450 -287.1784 
910500 34.0107 
910550 -42.8418 
910600 105.4010 
910650 -124.6631 
910700 -215.5622 
910750 156.4861 
910800 177.1634 
910850 -20.3872 
910900 255.7960 
910950 -360.4370 
911000 -184.8432 
911050 -222.8427 
911100 119.8979 
911150 189.1565 
911200 -408.6414 
911250 227.3951 
911300 -274.7661 
911350 143.3470 
911400 -21.9566 
911450 -47.9623 
911500 -206.5021 
911550 -112.5283 
911600 -327.5345 
911650 -261.0559 
911700 146.9077 
911750 -8.6024 
911800 -219.7968 
911850 -127.1443 
911900 -10.2099 
911950 157.9948 
912000 152.6758 
912050 -137.9168 
912100 -72.9726 
912150 46.9955 
912200 -131.6066 
912250 214.3884 
912300 -55.7766 
912350 49.0419 
912400 -64.5421 
912450 -74.9019 
912500 -73.5861 
912550 -188.4845 
912600 98.9432 
912650 20.3747 
912700 19.5798 
912750 154.4919 
912800 -35.7296 
912850 245.4072 
912900 -310.0167 
912950 127.2099 
913000 149.3705 
913050 -416.5486 
913100 109.4236 
913150 51.1106 
913200 -350.6930 
913250 -34.9222 
913300 57.9500 
913350 -367.9808 
913400 -12.7154 
913450 -87.7183 
913500 -113.7484 
913550 177.3983 
913600 -119.4390 
913650 113.9353 
913700 -226.3172 
913750 91.1920 
913800 74.4710 
913850 -139.1700 
913900 185.6959 
913950 -166.6600 
914000 147.8956 
914050 -234.8530 
914100 121.4667 
914150 -18.5406 
914200 24.2134 
914250 -69.4676 
914300 132.9278 
914350 -89.1789 
914400 118.8652 
914450 251.8225 
914500 -208.1524 
914550 336.5399 
914600 22.7653 
914650 -197.1594 
914700 -65.6614 
914750 -240.5070 
914800 89.8621 
914850 -62.1254 
914900 111.3513 
914950 126.5349 
915000 -280.7347 
915050 -122.1182 
915100 109.4958 
915150 -67.5524 
915200 260.1131 
915250 -316.2175 
915300 -26.4540 
915350 6.0585 
915400 139.1080 
915450 -214.0838 
915500 355.6008 
915550 -30.5273 
915600 -130.7548 
915650 -89.3435 
915700 -103.2680 
915750 -148.4157 
915800 7.9353 
915850 -363.7563 
915900 -68.4293 
915950 -50.0861 
916000 -350.8382 
916050 131.9420 
916100 26.3030 
916150 112.6318 
916200 5.5845 
916250 84.3253 
916300 -359.2115 
916350 122.6324 
916400 -419.5321 
916450 494.7135 
916500 238.2177 
916550 -111.5106 
916600 142.4028 
916650 -70.6351 
916700 -200.6484 
916750 -113.0895 
916800 290.1800 
916850 -65.8528 
916900 -156.3965 
916950 -285.7251 
917000 -249.9798 
917050 -58.8511 
917100 -171.7533 
917150 115.0210 
917200 -220.7191 
917250 11.4485 
917300 462.5087 
917350 -225.0649 
917400 117.8571 
917450 199.0608 
917500 -253.6833 
917550 -34.1256 
917600 -135.6989 
917650 -110.9376 
917700 -9.1952 
917750 -110.3231 
917800 -124.3781 
917850 3.7698 
917900 152.6590 
917950 266.4053 
918000 -129.2608 
918050 -77.1617 
918100 -428.5667 
918150 110.2886 
918200 71.2768 
918250 67.8174 
918300 -96.7585 
918350 -230.3313 
918400 -10.4639 
918450 -304.3682 
918500 -180.7204 
918550 -94.1345 
918600 176.3944 
918650 -95.8513 
918700 -54.8050 
918750 49.0367 
918800 319.3498 
918850 -82.7790 
918900 -312.9436 
918950 -97.8192 
919000 140.6275 
919050 -249.1157 
919100 -91.1766 
919150 -12.1153 
919200 -2.4070 
919250 -61.6565 
919300 82.5907 
919350 -227.4062 
919400 77.6482 
919450 101.6094 
919500 -110.8889 
919550 94.5535 
919600 -214.6630 
919650 -169.8959 
919700 -52.4466 
919750 139.3035 
919800 -223.1064 
919850 169.9086 
919900 21.2241 
919950 -133.3096 
920000 86.6285 
920050 41.0216 
920100 156.8341 
920150 81.7554 
920200 -103.9991 
920250 193.1680 
920300 -208.4414 
920350 -6.9812 
920400 -606.9962 
920450 -279.2694 
920500 -49.5976 
920550 36.1606 
920600 157.2516 
920650 -441.9674 
920700 168.7842 
920750 140.5924 
920800 152.0797 
920850 -356.7368 
920900 61.3388 
920950 -284.3188 
921000 90.4531 
921050 -73.5749 
921100 -251.8381 
921150 39.0065 
921200 -232.1320 
921250 -145.8624 
921300 -33.3978 
921350 -283.0773 
921400 -113.3781 
921450 -50.3796 
921500 -145.5944 
921550 -194.0412 
921600 -12.4776 
921650 30.7079 
921700 -59.0901 
921750 -32.7996 
921800 -173.5442 
921850 -317.8780 
921900 -140.7591 
921950 -32.1181 
922000 -295.2656 
922050 -137.1493 
922100 80.3704 
922150 -248.4641 
922200 65.4224 
922250 219.9467 
922300 -338.5318 
922350 206.7068 
922400 -22.9806 
922450 50.7449 
922500 -331.9486 
922550 -496.0439 
922600 -14.9103 
922650 36.4512 
922700 18.5009 
922750 -579.3692 
922800 239.8040 
922850 -91.9767 
922900 126.7848 
922950 -387.4026 
923000 124.5718 
923050 -7.8687 
923100 70.3040 
923150 247.7025 
923200 240.4479 
923250 -136.7904 
923300 161.7738 
923350 -207.1182 
923400 -66.9739 
923450 12.7540 
923500 199.5300 
923550 123.8330 
923600 119.2626 
923650 -280.0254 
923700 -103.0718 
923750 -216.0312 
923800 73.6720 
923850 -35.3447 
923900 -285.9921 
923950 78.4922 
924000 207.5257 
924050 -291.2718 
924100 -115.6094 
924150 424.9049 
924200 -34.6076 
924250 -101.1656 
924300 -29.3336 
924350 -85.7522 
924400 -82.4952 
924450 109.8954 
924500 175.7511 
924550 31.7024 
924600 152.0333 
924650 -62.1908 
924700 244.4370 
924750 -263.7444 
924800 13.7090 
924850 -164.4458 
924900 -106.6475 
924950 107.5457 
925000 -359.8488 
925050 -298.2636 
925100 19.1022 
925150 49.5308 
925200 -44.9601 
925250 -104.8344 
925300 -293.8595 
925350 -84.5463 
925400 -47.6835 
925450 136.9464 
925500 -312.4249 
925550 -218.9675 
925600 144.6827 
925650 18.2751 
925700 -193.7780 
925750 -512.1866 
925800 -436.8645 
925850 -198.1601 
925900 75.9514 
925950 -44.5936 
926000 151.5680 
926050 -437.9367 
926100 159.7130 
926150 128.1010 
926200 -42.9595 
926250 -277.2961 
926300 -70.8382 
926350 -159.1604 
926400 -181.7773 
926450 143.4900 
926500 -274.1342 
926550 -322.3079 
926600 13.6883 
926650 -470.7573 
926700 -107.4311 
926750 -122.2991 
926800 -94.6639 
926850 -193.6662 
926900 -81.5092 
926950 -166.8137 
927000 -84.3539 
927050 -321.6089 
927100 -129.7983 
927150 -174.7915 
927200 76.1915 
927250 136.8384 
927300 122.3790 
927350 -207.9342 
927400 -27.9903 
927450 72.2826 
927500 133.1240 
927550 -264.6001 
927600 -180.8977 
927650 120.5439 
927700 80.9023 
927750 -273.1405 
927800 -207.0590 
927850 -93.4201 
927900 -65.0378 
927950 54.9457 
928000 126.9677 
928050 -232.3699 
928100 -92.4073 
928150 -309.5483 
928200 76.8278 
928250 -208.7380 
928300 30.2559 
928350 -199.9092 
928400 -134.1350 
928450 -58.2638 
928500 -1.0546 
928550 -90.2115 
928600 -66.6190 
928650 -265.1938 
928700 -11.9396 
928750 222.3919 
928800 231.1479 
928850 -142.5808 
928900 -351.2664 
928950 38.4165 
929000 -4.5063 
929050 142.5168 
929100 208.9646 
929150 170.6654 
929200 -270.9948 
929250 -222.5493 
929300 92.2947 
929350 -230.9893 
929400 -417.9366 
929450 272.9077 
929500 66.0076 
929550 48.0719 
929600 -100.0682 
929650 -5.3816 
929700 134.9296 
929750 24.9308 
929800 -234.3809 
929850 -107.7890 
929900 52.7825 
929950 315.9425 
930000 86.2550 
930050 280.5018 
930100 103.2972 
930150 -219.7992 
930200 -211.4514 
930250 -383.1282 
930300 65.9694 
930350 16.4488 
930400 -202.4585 
930450 3.5830 
930500 -41.4639 
930550 197.8495 
930600 -139.9416 
930650 -169.1883 
930700 298.7593 
930750 21.7423 
930800 183.1626 
930850 347.7387 
930900 -349.0266 
930950 25.6744 
931000 121.5610 
931050 -119.4805 
931100 -46.5907 
931150 -14.7903 
931200 -36.7817 
931250 -187.3976 
931300 -171.7384 
931350 145.1341 
931400 -74.8962 
931450 9.0372 
931500 106.7381 
931550 -470.7972 
931600 273.1612 
931650 57.9482 
931700 -389.7088 
931750 -20.5001 
931800 291.8705 
931850 -55.5055 
931900 -232.7020 
931950 154.8527 
932000 322.0394 
932050 -167.1755 
932100 10.4388 
932150 81.9237 
932200 65.6029 
932250 -89.4605 
932300 37.1226 
932350 41.4495 
932400 40.5231 
932450 -147.1713 
932500 90.7212 
932550 134.9184 
932600 -85.7482 
932650 -208.4301 
932700 -201.1048 
932750 -172.5429 
932800 248.3485 
932850 -188.2396 
932900 -183.4412 
932950 276.7582 
933000 -95.0693 
933050 -92.1269 
933100 -199.7482 
933150 -110.6927 
933200 137.3831 
933250 13.6853 
933300 -29.8958 
933350 -203.7753 
933400 100.6388 
933450 57.6936 
933500 -289.7087 
933550 3.8039 
933600 132.4306 
933650 -395.8715 
933700 92.0477 
933750 118.9376 
933800 222.2970 
933850 -24.4812 
933900 26.6688 
933950 409.9556 
934000 -138.8621 
934050 -147.7815 
934100 221.7777 
934150 -367.2329 
934200 75.4916 
934250 -287.4694 
934300 -124.1708 
934350 -69.3396 
934400 -20.0419 
934450 -237.0221 
934500 121.8442 
934550 -219.6189 
934600 138.2308 
934650 -60.3099 
934700 -525.4596 
934750 77.7901 
934800 -448.6079 
934850 8.1530 
934900 -228.3741 
934950 -85.0977 
935000 -379.2097 
935050 -188.4877 
935100 -155.0265 
935150 -27.5585 
935200 221.5219 
935250 -188.8852 
935300 -257.9765 
935350 -189.9022 
935400 185.8807 
935450 55.7984 
935500 -155.0495 
935550 237.9637 
935600 -217.4459 
935650 59.5518 
935700 -229.8778 
935750 291.3922 
935800 -334.3698 
935850 -253.3903 
935900 -102.9406 
935950 -54.5263 
936000 -104.8995 
936050 101.9948 
936100 162.0965 
936150 -102.4974 
936200 -110.3438 
936250 94.6238 
936300 336.3766 
936350 -199.1749 
936400 -817.1769 
936450 189.0530 
936500 -196.6466 
936550 80.3517 
936600 -61.5023 
936650 -188.3729 
936700 72.8413 
936750 -225.7187 
936800 -283.4168 
936850 -173.8559 
936900 -33.3787 
936950 -374.9658 
937000 -0.9783 
937050 -133.0949 
937100 -60.1049 
937150 -109.2878 
937200 -121.5776 
937250 -106.0923 
937300 196.5222 
937350 -192.4444 
937400 -96.6044 
937450 -152.8903 
937500 -2.9922 
937550 66.8650 
937600 -273.5492 
937650 -87.9349 
937700 -126.2396 
937750 -252.2530 
937800 -67.1862 
937850 -48.5901 
937900 -18.0633 
937950 -178.3616 
938000 73.4865 
938050 -359.9497 
938100 -94.1547 
938150 -450.7336 
938200 -279.9574 
938250 -129.4428 
938300 -52.6108 
938350 170.5440 
938400 -88.3328 
938450 -10.0903 
938500 2.9083 
938550 -44.4580 
938600 -277.9096 
938650 -1.1246 
938700 -244.1922 
938750 216.5137 
938800 58.3310 
938850 46.4051 
938900 -43.1932 
938950 180.8037 
939000 -205.7011 
939050 -170.7435 
939100 -105.2005 
939150 -35.0685 
939200 -66.8244 
939250 194.2492 
939300 -243.3946 
939350 -57.3184 
939400 -185.0717 
939450 -28.6954 
939500 127.2655 
939550 -190.9570 
939600 -114.6898 
939650 -292.7076 
939700 256.2841 
939750 61.0196 
939800 209.5321 
939850 4.9823 
939900 -23.9702 
939950 372.3564 
940000 301.5099 
940050 155.1293 
940100 403.3839 
940150 94.2517 
940200 -324.0746 
940250 -140.3922 
940300 175.2202 
940350 192.0509 
940400 -198.5056 
940450 -5.7685 
940500 -45.3798 
940550 -125.4448 
940600 32.3504 
940650 35.9036 
940700 -131.7473 
940750 -52.7268 
940800 -65.1846 
940850 92.7622 
940900 -514.9635 
940950 52.2551 
941000 -115.8467 
941050 -31.7546 
941100 -88.5287 
941150 -8.3601 
941200 81.0350 
941250 -520.8900 
941300 -46.4625 
941350 -168.8648 
941400 -124.4341 
941450 -7.6730 
941500 -8.9076 
941550 -119.1256 
941600 81.3569 
941650 -572.8534 
941700 54.3941 
941750 203.2933 
941800 -129.3399 
941850 311.3312 
941900 30.1834 
941950 56.0925 
942000 -128.2116 
942050 -306.3213 
942100 -164.0392 
942150 256.0267 
942200 -256.9058 
942250 229.5927 
942300 110.6291 
942350 417.1847 
942400 -104.9156 
942450 -102.5934 
942500 215.1923 
942550 -184.9248 
942600 4.8449 
942650 120.2844 
942700 -190.6584 
942750 278.7325 
942800 59.6538 
942850 50.5220 
942900 36.2372 
942950 -390.5392 
943000 43.3243 
943050 95.5291 
943100 -215.9129 
943150 -61.6548 
943200 -228.7259 
943250 44.8255 
943300 -231.0904 
943350 -63.8069 
943400 65.1333 
943450 20.4827 
943500 -121.7155 
943550 23.1302 
943600 -233.5188 
943650 -83.7743 
943700 -110.8902 
943750 23.5273 
943800 389.9639 
943850 -132.6802 
943900 -389.8179 
943950 131.3570 
944000 242.7737 
944050 278.6217 
944100 -261.6111 
944150 -142.1754 
944200 74.4360 
944250 134.5293 
944300 -58.8645 
944350 -289.7165 
944400 112.0039 
944450 -110.5594 
944500 -95.3540 
944550 164.3613 
944600 239.0016 
944650 -478.6534 
944700 -293.2597 
944750 244.3946 
944800 -568.1371 
944850 -125.3748 
944900 136.6675 
944950 -189.6156 
945000 130.5588 
945050 -228.2960 
945100 188.6262 
945150 -162.4497 
945200 6.7054 
945250 83.6229 
945300 31.7280 
945350 -118.4778 
945400 -310.0822 
945450 51.7530 
945500 -55.6928 
945550 30.3505 
945600 -297.6830 
945650 -346.2661 
945700 57.6767 
945750 127.8555 
945800 23.4196 
945850 -111.3166 
945900 -338.1996 
945950 -280.3473 
946000 223.3158 
946050 72.8274 
946100 -84.2904 
946150 -215.0115 
946200 -354.2808 
946250 22.8990 
946300 192.9501 
946350 -129.4292 
946400 -42.9401 
946450 -441.6358 
946500 -34.3025 
946550 122.0835 
946600 -163.9433 
946650 54.4486 
946700 49.7971 
946750 -140.3291 
946800 134.2968 
946850 -59.0030 
946900 276.2312 
946950 152.4419 
947000 -158.6328 
947050 -74.6886 
947100 -13.5408 
947150 60.1213 
947200 130.5570 
947250 22.5627 
947300 -6.4873 
947350 203.3364 
947400 -313.0419 
947450 -20.9233 
947500 -32.6369 
947550 -101.4683 
947600 118.6602 
947650 79.9003 
947700 -382.2819 
947750 -157.8518 
947800 75.4362 
947850 -122.7842 
947900 -10.0926 
947950 -191.8364 
948000 162.4071 
948050 -222.8635 
948100 103.7191 
948150 -22.8602 
948200 -173.4354 
948250 -352.3403 
948300 -32.9325 
948350 27.9130 
948400 45.0635 
948450 162.4878 
948500 149.9186 
948550 -309.5830 
948600 -172.1795 
948650 -363.1577 
948700 124.7836 
948750 45.3126 
948800 -215.3313 
948850 85.4831 
948900 -494.1342 
948950 164.5518 
949000 42.6176 
949050 -248.1964 
949100 -455.6672 
949150 -119.4207 
949200 -70.4413 
949250 -262.9100 
949300 -390.2737 
949350 -54.3303 
949400 50.7903 
949450 49.1185 
949500 80.6057 
949550 -134.3771 
949600 -175.7742 
949650 -60.0857 
949700 126.1982 
949750 -95.6180 
949800 252.8821 
949850 -33.1431 
949900 -204.4606 
949950 21.8151 
950000 -262.9103 
950050 95.6685 
950100 -244.6061 
950150 -193.9994 
950200 -4.7909 
950250 -203.9210 
950300 -124.3558 
950350 -44.3468 
950400 119.9757 
950450 -229.9997 
950500 -116.4154 
950550 -23.8674 
950600 -123.8165 
950650 -173.3585 
950700 -261.6798 
950750 -404.6031 
950800 -503.5456 
950850 -159.3727 
950900 149.5474 
950950 -164.9019 
951000 123.2350 
951050 -289.8370 
951100 -49.0940 
951150 -65.5809 
951200 -129.7684 
951250 -42.8256 
951300 -273.8482 
951350 85.9490 
951400 126.5128 
951450 240.4795 
951500 204.1121 
951550 -100.1337 
951600 -130.9949 
951650 -127.5136 
951700 238.1652 
951750 -117.5910 
951800 310.5123 
951850 -361.1229 
951900 -138.6343 
951950 49.8094 
952000 10.8919 
952050 -70.4332 
952100 -113.4045 
952150 -322.0236 
952200 -251.3664 
952250 -22.8317 
952300 74.7799 
952350 -23.0178 
952400 -152.3630 
952450 -192.7581 
952500 -90.1909 
952550 5.2741 
952600 -95.3867 
952650 41.1203 
952700 -36.6756 
952750 -118.0628 
952800 155.6489 
952850 -144.4860 
952900 -54.8407 
952950 35.2941 
953000 -133.1991 
953050 179.9689 
953100 -274.0034 
953150 -112.4252 
953200 51.8490 
953250 -148.6704 
953300 -350.8237 
953350 -150.2462 
953400 -155.9798 
953450 -220.1833 
953500 292.8546 
953550 -668.7718 
953600 176.0865 
953650 -182.4120 
953700 80.2475 
953750 -175.8695 
953800 -63.5991 
953850 -218.3351 
953900 -224.7827 
953950 -293.4951 
954000 -243.3676 
954050 -36.5253 
954100 -352.5592 
954150 279.6137 
954200 -296.5021 
954250 -36.2778 
954300 -145.8077 
954350 -169.4158 
954400 -123.2350 
954450 33.3660 
954500 -117.7509 
954550 -53.9915 
954600 -212.9506 
954650 323.5116 
954700 -237.3131 
954750 120.3563 
954800 -116.4171 
954850 0.8155 
954900 127.3877 
954950 151.5752 
955000 -266.5601 
955050 6.7164 
955100 -46.2510 
955150 -127.7379 
955200 -112.7641 
955250 4.3097 
955300 -242.0081 
955350 96.6765 
955400 -170.5053 
955450 -34.4935 
955500 -44.2124 
955550 -296.3369 
955600 242.6820 
955650 205.4620 
955700 -399.4131 
955750 95.3164 
955800 -50.5533 
955850 -223.7712 
955900 298.5314 
955950 -337.4416 
956000 -7.8213 
956050 -234.5369 
956100 146.6533 
956150 -250.8221 
956200 -344.2323 
956250 84.6971 
956300 67.2163 
956350 145.7194 
956400 -264.0398 
956450 -368.9544 
956500 -94.6064 
956550 57.5713 
956600 -362.7771 
956650 -155.0456 
956700 128.5979 
956750 -215.0016 
956800 -5.7374 
956850 -109.7747 
956900 -396.9834 
956950 -124.8030 
957000 -304.2767 
957050 -35.9139 
957100 -76.9926 
957150 70.3796 
957200 -75.6591 
957250 94.4058 
957300 -56.4055 
957350 -159.3297 
957400 -112.1407 
957450 -81.5091 
957500 11.4070 
957550 -322.2063 
957600 452.4952 
957650 -65.8278 
957700 84.8590 
957750 -269.8423 
957800 271.2791 
957850 -95.5218 
957900 -251.3187 
957950 -197.8297 
958000 55.7325 
958050 145.6645 
958100 51.7698 
958150 149.6192 
958200 166.6294 
958250 270.3298 
958300 447.9198 
958350 111.1325 
958400 -103.5163 
958450 -191.2401 
958500 -222.4039 
958550 152.6668 
958600 -57.2069 
958650 187.3130 
958700 -32.1842 
958750 -168.1313 
958800 -154.2603 
958850 76.1760 
958900 137.6967 
958950 247.5317 
959000 -128.1960 
959050 -133.1412 
959100 -123.9006 
959150 -319.1968 
959200 -24.3195 
959250 -392.6972 
959300 -150.9781 
959350 -179.0014 
959400 -34.1279 
959450 95.4091 
959500 -59.5447 
959550 25.0995 
959600 -271.8629 
959650 33.2714 
959700 -205.9891 
959750 -121.1544 
959800 -465.7393 
959850 -308.3603 
959900 -118.6028 
959950 -53.1240 
960000 -124.6909 
960050 215.5140 
960100 -122.1013 
960150 -370.9773 
960200 -77.3565 
960250 -71.3949 
960300 -533.4088 
960350 -30.2457 
960400 47.6733 
960450 -229.0555 
960500 -534.7572 
960550 -62.5172 
960600 -11.5017 
960650 -212.1824 
960700 79.3629 
960750 -150.9651 
960800 -328.4499 
960850 -108.8326 
960900 -195.5730 
960950 -313.0724 
961000 151.0388 
961050 -268.2065 
961100 46.7209 
961150 -201.6982 
961200 -299.1585 
961250 72.6597 
961300 -155.5814 
961350 -82.1401 
961400 176.7079 
961450 -63.4284 
961500 -82.7581 
961550 -238.9149 
961600 -114.6263 
961650 560.2088 
961700 -164.3505 
961750 -77.4819 
961800 -69.7270 
961850 61.3703 
961900 -78.5211 
961950 -37.1650 
962000 -526.3405 
962050 -203.3889 
962100 -167.3148 
962150 45.7890 
962200 160.3036 
962250 -27.2531 
962300 -173.4597 
962350 -194.3761 
962400 117.9915 
962450 -182.7483 
962500 -144.5920 
962550 -317.2072 
962600 -43.0625 
962650 -38.0445 
962700 264.1914 
962750 198.3868 
962800 -31.1918 
962850 236.0672 
962900 -272.9384 
962950 -249.9614 
963000 59.2737 
963050 43.7779 
963100 -279.3288 
963150 -199.6188 
963200 -130.4636 
963250 -95.7837 
963300 39.4538 
963350 -76.0642 
963400 -439.5312 
963450 -226.6558 
963500 -139.3550 
963550 -159.1345 
963600 302.8385 
963650 -143.5075 
963700 -18.3841 
963750 -232.9244 
963800 198.7822 
963850 -277.5855 
963900 125.1257 
963950 536.6683 
964000 75.2935 
964050 -194.7552 
964100 -180.4179 
964150 -105.4968 
964200 -57.8440 
964250 -296.6707 
964300 110.1690 
964350 232.0225 
964400 -277.2201 
964450 -283.1496 
964500 43.4672 
964550 -314.2660 
964600 34.0895 
964650 223.5123 
964700 -89.8419 
964750 -103.8410 
964800 -144.9407 
964850 57.7724 
964900 -184.6466 
964950 99.6504 
965000 -63.0981 
965050 -259.6634 
965100 163.5149 
965150 -66.3982 
965200 215.7994 
965250 -100.1269 
965300 -39.1608 
965350 199.5885 
965400 -170.1399 
965450 -82.2964 
965500 -114.7616 
965550 140.9692 
965600 172.2569 
965650 169.3802 
965700 0.6892 
965750 -184.5535 
965800 62.8357 
965850 -143.7254 
965900 88.1377 
965950 -28.2529 
966000 -165.3244 
966050 124.4944 
966100 -132.9877 
966150 57.1107 
966200 -373.5433 
966250 -432.4806 
966300 214.3253 
966350 -106.9481 
966400 -29.2787 
966450 -99.6273 
966500 -154.5046 
966550 225.3763 
966600 -51.9551 
966650 -389.4153 
966700 234.7721 
966750 -100.9611 
966800 8.4207 
966850 72.7326 
966900 -129.5084 
966950 -228.7386 
967000 -325.6728 
967050 -38.7067 
967100 99.4946 
967150 88.9643 
967200 -313.2208 
967250 -150.6353 
967300 177.3703 
967350 66.1079 
967400 107.3439 
967450 295.0476 
967500 238.3583 
967550 8.3114 
967600 292.9042 
967650 -279.6356 
967700 -27.1573 
967750 -256.0263 
967800 -252.7677 
967850 86.4594 
967900 13.2453 
967950 -177.7694 
968000 224.8932 
968050 -234.3156 
968100 -334.3383 
968150 -101.3008 
968200 -21.4746 
968250 -176.7978 
968300 -78.9825 
968350 -459.9576 
968400 -284.3597 
968450 9.5339 
968500 -173.5489 
968550 28.0700 
968600 109.0798 
968650 74.8562 
968700 -149.9655 
968750 366.6884 
968800 -153.0581 
968850 180.7125 
968900 101.4898 
968950 103.0160 
969000 -125.5600 
969050 130.3032 
969100 9.6866 
969150 97.0267 
969200 42.3573 
969250 -59.7717 
969300 -221.3620 
969350 362.7271 
969400 231.8513 
969450 -41.3832 
969500 79.0189 
969550 142.5190 
969600 111.4924 
969650 124.3653 
969700 -385.5745 
969750 84.0454 
969800 43.8495 
969850 -172.9812 
969900 100.8201 
969950 98.2944 
970000 -104.5640 
970050 -191.7476 
970100 3.2588 
970150 -4.7513 
970200 -101.5635 
970250 52.8145 
970300 -187.4160 
970350 -246.3913 
970400 80.0539 
970450 -359.8997 
970500 93.3706 
970550 -66.8958 
970600 -295.4776 
970650 47.5771 
970700 29.5115 
970750 -85.0211 
970800 284.0089 
970850 -24.0160 
970900 98.9312 
970950 -261.3038 
971000 146.9494 
971050 99.2322 
971100 -197.6694 
971150 113.1276 
971200 277.4321 
971250 -39.9613 
971300 476.9333 
971350 226.5773 
971400 -249.0667 
971450 103.0814 
971500 339.9858 
971550 -67.7942 
971600 -42.8351 
971650 -127.0292 
971700 38.2798 
971750 133.7757 
971800 -89.5934 
971850 167.8710 
971900 123.3335 
971950 -66.1022 
972000 22.9140 
972050 250.8241 
972100 -159.6817 
972150 -40.9322 
972200 -225.1311 
972250 -40.2971 
972300 -247.4358 
972350 19.2667 
972400 -74.7550 
972450 383.5910 
972500 -45.0931 
972550 82.2233 
972600 163.9769 
972650 106.7322 
972700 121.4788 
972750 -169.3787 
972800 -267.7472 
972850 196.1854 
972900 -357.0545 
972950 70.1271 
973000 -558.3534 
973050 9.3299 
973100 -154.5320 
973150 5.5165 
973200 -79.0666 
973250 235.8949 
973300 -283.8707 
973350 -647.2109 
973400 187.8492 
973450 -78.9130 
973500 -46.2243 
973550 -135.4395 
973600 77.1460 
973650 -45.8307 
973700 205.9360 
973750 20.3711 
973800 -7.7469 
973850 66.1381 
973900 -207.3641 
973950 -87.0131 
974000 -310.4991 
974050 143.3762 
974100 -245.0421 
974150 78.8063 
974200 -126.8305 
974250 -378.2922 
974300 -45.2072 
974350 -5.6916 
974400 80.0610 
974450 202.4051 
974500 -385.9340 
974550 -85.8589 
974600 -180.1265 
974650 256.0624 
974700 259.9013 
974750 62.5172 
974800 -145.2557 
974850 -107.2731 
974900 52.2181 
974950 -56.6439 
975000 -21.0791 
975050 -58.4564 
975100 -118.9498 
975150 -34.9883 
975200 33.6917 
975250 99.1440 
975300 -23.1862 
975350 -35.4889 
975400 132.0268 
975450 -14.8785 
975500 99.4446 
975550 36.0245 
975600 228.9128 
975650 -112.4499 
975700 -24.9648 
975750 29.8223 
975800 -87.8642 
975850 -146.0059 
975900 98.0455 
975950 -10.8005 
976000 -266.8337 
976050 333.3448 
976100 201.1884 
976150 -366.8323 
976200 -309.5815 
976250 56.2793 
976300 -473.8175 
976350 -9.8778 
976400 108.8562 
976450 -303.9226 
976500 -142.6639 
976550 -365.3449 
976600 -17.7155 
976650 -145.1015 
976700 -113.3730 
976750 16.9739 
976800 -127.7469 
976850 -91.0390 
976900 -116.3776 
976950 -133.4078 
977000 -49.0611 
977050 13.2002 
977100 -149.8418 
977150 -198.8667 
977200 -540.6839 
977250 250.4613 
977300 113.9423 
977350 34.2576 
977400 -53.0516 
977450 38.3962 
977500 -30.0754 
977550 -181.1156 
977600 145.4182 
977650 -80.1573 
977700 -157.2427 
977750 109.4864 
977800 -303.4155 
977850 -183.7823 
977900 18.5877 
977950 -189.8495 
978000 -140.2309 
978050 9.5137 
978100 101.6267 
978150 -227.8200 
978200 -21.7802 
978250 196.9691 
978300 429.3384 
978350 211.8695 
978400 -174.3226 
978450 -309.0983 
978500 -264.8773 
978550 -199.5313 
978600 73.8590 
978650 151.2097 
978700 60.9662 
978750 -452.8905 
978800 418.7898 
978850 -124.6486 
978900 -538.0970 
978950 156.4217 
979000 43.6041 
979050 -372.2103 
979100 0.4314 
979150 24.5592 
979200 -146.9664 
979250 245.7200 
979300 -89.4886 
979350 108.0952 
979400 84.4599 
979450 209.2086 
979500 -202.0869 
979550 -159.5547 
979600 171.0497 
979650 -64.7876 
979700 38.4139 
979750 -298.3475 
979800 36.5362 
979850 -154.5093 
979900 83.5309 
979950 -242.6177 
980000 150.8020 
980050 29.9858 
980100 -68.9437 
980150 -199.1257 
980200 218.5688 
980250 99.9191 
980300 -125.5695 
980350 -311.8760 
980400 307.5452 
980450 291.6012 
980500 288.8948 
980550 52.6311 
980600 -148.8336 
980650 -95.7583 
980700 421.6133 
980750 33.2635 
980800 31.6073 
980850 -44.8055 
980900 -43.0312 
980950 390.0112 
981000 -306.0030 
981050 63.5106 
981100 86.7648 
981150 -1.7387 
981200 -155.5080 
981250 -157.9617 
981300 -516.8768 
981350 166.9990 
981400 114.5887 
981450 -88.3716 
981500 -278.1539 
981550 154.3801 
981600 369.4308 
981650 -347.2221 
981700 41.1784 
981750 263.9779 
981800 -65.3570 
981850 -42.0252 
981900 7.6366 
981950 -129.0075 
982000 -36.2993 
982050 46.1265 
982100 -64.9460 
982150 -170.4060 
982200 327.5388 
982250 -173.0674 
982300 -76.2313 
982350 -309.2166 
982400 -215.8523 
982450 -59.1879 
982500 -30.1266 
982550 37.9311 
982600 -187.5988 
982650 163.1786 
982700 130.5100 
982750 -96.4856 
982800 -240.9760 
982850 154.7384 
982900 -44.1723 
982950 121.7768 
983000 -103.5882 
983050 114.2259 
983100 -141.6268 
983150 -240.0578 
983200 -13.7198 
983250 -171.1621 
983300 -135.0379 
983350 -43.5660 
983400 -270.4687 
983450 -286.7451 
983500 482.1741 
983550 -39.5181 
983600 150.1624 
983650 286.1633 
983700 0.3976 
983750 -285.8208 
983800 -86.4928 
983850 74.6785 
983900 66.7959 
983950 24.0834 
984000 -84.4455 
984050 -106.9939 
984100 35.3742 
984150 -161.2194 
984200 -266.4195 
984250 -44.1493 
984300 -260.5165 
984350 189.2245 
984400 38.9272 
984450 42.7518 
984500 21.8730 
984550 -145.0857 
984600 512.9100 
984650 63.7075 
984700 172.0098 
984750 6.2001 
984800 163.3117 
984850 -279.4777 
984900 -239.1845 
984950 -189.9647 
985000 69.0721 
985050 -33.4372 
985100 -307.4374 
985150 211.6936 
985200 -98.8207 
985250 187.2241 
985300 -319.0867 
985350 -179.3539 
985400 -161.1109 
985450 96.2347 
985500 -97.4772 
985550 -197.5480 
985600 -52.5379 
985650 129.9634 
985700 15.1650 
985750 -208.6154 
985800 327.5937 
985850 145.8659 
985900 -289.8219 
985950 301.7393 
986000 33.3668 
986050 7.6534 
986100 98.0183 
986150 -554.1219 
986200 -346.0151 
986250 -146.5958 
986300 -98.3916 
986350 116.7283 
986400 -122.5313 
986450 21.9549 
986500 -29.6908 
986550 -157.2698 
986600 -104.6174 
986650 -164.2922 
986700 -220.1673 
986750 323.0059 
986800 -187.8667 
986850 -215.0516 
986900 50.8098 
986950 -154.7065 
987000 -59.2761 
987050 -68.7399 
987100 -47.8356 
987150 131.2211 
987200 -52.2197 
987250 306.8426 
987300 -226.0697 
987350 217.3664 
987400 -302.8189 
987450 -279.7044 
987500 -187.8893 
987550 -242.7009 
987600 -57.5963 
987650 -82.6635 
987700 -300.2798 
987750 177.1803 
987800 -184.5099 
987850 -21.7025 
987900 227.6883 
987950 -179.5243 
988000 -86.0382 
988050 -131.1333 
988100 -377.0315 
988150 -150.5594 
988200 -365.3462 
988250 -144.9684 
988300 79.4533 
988350 109.8698 
988400 230.9794 
988450 2.2306 
988500 150.2750 
988550 -132.9841 
988600 -115.6579 
988650 28.6209 
988700 102.7195 
988750 97.7774 
988800 -100.4955 
988850 -172.6323 
988900 132.5617 
988950 -93.6910 
989000 -13.7090 
989050 203.4812 
989100 -1.1134 
989150 -162.3167 
989200 -157.2514 
989250 -85.0869 
989300 73.0136 
989350 92.7232 
989400 -553.4767 
989450 23.1697 
989500 -216.0839 
989550 -19.0019 
989600 109.3402 
989650 -142.7959 
989700 -25.4805 
989750 43.0353 
989800 281.8396 
989850 77.2456 
989900 178.5391 
989950 142.0905 
990000 -143.4031 
990050 14.1160 
990100 41.8858 
990150 -132.1800 
990200 32.5303 
990250 111.8610 
990300 -76.9931 
990350 383.8778 
990400 -62.1192 
990450 -184.6354 
990500 437.8002 
990550 227.8716 
990600 -522.3940 
990650 201.4334 
990700 -0.7550 
990750 53.0581 
990800 306.6641 
990850 115.6518 
990900 73.3976 
990950 461.1985 
991000 -257.2220 
991050 -154.9007 
991100 -111.8373 
991150 282.0957 
991200 239.4110 
991250 -265.1748 
991300 -204.1687 
991350 103.4467 
991400 -420.5899 
991450 -94.5275 
991500 694.8223 
991550 -378.7027 
991600 35.4579 
991650 -162.5006 
991700 -24.0567 
991750 347.9100 
991800 -60.6102 
991850 -131.3509 
991900 -54.7916 
991950 -217.0830 
992000 185.5395 
992050 -119.7947 
992100 -446.0626 
992150 -104.3874 
992200 -254.3617 
992250 85.6280 
992300 -46.6552 
992350 -64.2904 
992400 -346.6662 
992450 -49.5816 
992500 -15.5411 
992550 -546.0674 
992600 233.8008 
992650 -321.8303 
992700 -37.9503 
992750 192.2613 
992800 -22.2267 
992850 -88.6065 
992900 12.5088 
992950 33.7116 
993000 -194.7468 
993050 -733.7172 
993100 33.1346 
993150 -75.0693 
993200 260.7320 
993250 61.9341 
993300 191.6458 
993350 218.0610 
993400 -26.3970 
993450 148.6565 
993500 -132.1125 
993550 -90.1100 
993600 -40.9134 
993650 26.3698 
993700 201.4405 
993750 -25.4042 
993800 -26.2370 
993850 -216.6820 
993900 164.5625 
993950 -236.5799 
994000 -206.2156 
994050 128.7030 
994100 -216.7772 
994150 -236.3163 
994200 -145.7312 
994250 -3.7417 
994300 -106.9348 
994350 243.1450 
994400 576.5710 
994450 -78.1348 
994500 -122.0607 
994550 11.1370 
994600 -294.8666 
994650 -567.1300 
994700 -254.2458 
994750 123.9632 
994800 183.4463 
994850 18.7642 
994900 215.2279 
994950 313.9313 
995000 -297.9488 
995050 78.3872 
995100 136.2223 
995150 -340.5900 
995200 -17.3399 
995250 112.1625 
995300 34.7821 
995350 109.1364 
995400 4.7640 
995450 175.9846 
995500 346.3953 
995550 -49.8357 
995600 50.2021 
995650 -170.9927 
995700 -181.5169 
995750 199.5552 
995800 -126.5624 
995850 94.5770 
995900 -483.6480 
995950 468.6824 
996000 -212.1264 
996050 124.6216 
996100 137.2610 
996150 189.4107 
996200 -105.3789 
996250 -98.3349 
996300 139.2566 
996350 -101.5510 
996400 -333.1019 
996450 84.5240 
996500 -315.5244 
996550 -149.1959 
996600 239.0934 
996650 -99.2845 
996700 -38.5388 
996750 -104.9704 
996800 -34.6988 
996850 -289.4367 
996900 -281.7698 
996950 -70.7483 
997000 -121.6283 
997050 -149.8920 
997100 -96.9408 
997150 -202.7380 
997200 -205.0022 
997250 210.2139 
997300 -605.0217 
997350 61.7021 
997400 -18.9886 
997450 10.2061 
997500 127.4985 
997550 97.3236 
997600 -227.3259 
997650 69.2868 
997700 342.4864 
997750 -292.5437 
997800 53.6205 
997850 -105.7950 
997900 20.1710 
997950 -36.6016 
998000 -226.4199 
998050 -225.1710 
998100 150.7482 
998150 -95.4245 
998200 -37.9479 
998250 -59.4341 
998300 -155.7875 
998350 -11.7957 
998400 168.0114 
998450 17.6758 
998500 -83.5503 
998550 -161.1788 
998600 -54.9634 
998650 -228.4464 
998700 -28.2897 
998750 -42.6425 
998800 299.6293 
998850 -250.6557 
998900 206.6600 
998950 -289.4943 
999000 17.8674 
999050 -121.1131 
999100 -8.6835 
999150 -140.0255 
999200 150.1264 
999250 107.2355 
999300 -299.7391 
999350 -88.0079 
999400 -176.8300 
999450 161.4112 
999500 -257.9856 
999550 189.9140 
999600 132.5602 
999650 59.3904 
999700 32.8145 
999750 -94.9982 
999800 22.6087 
999850 153.4590 
999900 196.1503 
999950 -98.7936 
1000000 101.7140 
1000050 110.7791 
1000100 -269.7800 
1000150 -63.8785 
1000200 193.4172 
1000250 16.9472 
1000300 16.5977 
1000350 -337.1338 
1000400 -192.9120 
1000450 30.9833 
1000500 155.7433 
1000550 -52.9685 
1000600 -348.7281 
1000650 50.0160 
1000700 -127.3008 
1000750 292.3902 
1000800 -32.0586 
1000850 146.0409 
1000900 9.3440 
1000950 -97.7718 
1001000 121.7639 
1001050 -33.1809 
1001100 -186.6299 
1001150 341.5030 
1001200 -157.6416 
1001250 -219.6928 
1001300 83.7267 
1001350 57.1496 
1001400 -133.9787 
1001450 -189.0747 
1001500 -120.8123 
1001550 -102.7136 
1001600 -252.4012 
1001650 16.9221 
1001700 -406.2615 
1001750 -71.3188 
1001800 192.0033 
1001850 -351.3179 
1001900 25.1797 
1001950 -71.7358 
1002000 -98.9568 
